1000 2000

77 42
181 53
153 76
78 100
170 37
153 74
29 38
154 20
144 81
177 11
134 9
109 20
192 52
160 4
200 92
49 95
37 8
34 71
193 1
161 75
133 30
19 51
32 96
29 30
20 5
71 97
48 19
35 66
44 62
178 12
10 19
99 21
122 73
187 51
163 24
116 68
123 15
176 30
80 72
51 84
134 14
105 67
157 5
44 27
110 19
36 49
44 92
109 96
107 47
189 30
49 11
73 66
124 69
188 98
115 20
23 61
143 100
144 15
25 72
38 99
128 44
10 87
62 34
19 16
91 75
35 78
47 96
163 46
127 92
171 38
11 6
64 74
200 83
45 27
13 36
148 77
57 11
145 1
13 4
101 32
53 95
193 38
110 77
140 3
174 69
137 69
123 36
149 79
34 22
80 19
73 8
188 88
150 80
108 63
188 61
67 49
104 24
41 18
164 39
69 12
129 43
122 61
81 13
142 40
67 76
24 75
97 67
33 93
39 80
137 12
80 85
38 64
155 77
196 59
18 2
53 81
60 14
89 37
116 19
154 3
75 37
152 73
129 1
129 49
165 71
179 100
79 44
155 66
78 79
41 17
17 29
167 26
21 28
59 54
70 63
189 86
193 54
84 57
112 47
15 33
110 99
53 1
95 75
128 60
135 27
36 32
50 84
189 49
19 36
119 98
143 85
38 93
57 89
156 65
137 62
178 68
45 98
198 35
193 68
142 49
158 85
13 18
22 98
10 51
41 35
37 54
176 74
63 3
184 78
36 24
67 65
39 85
15 13
178 10
167 36
51 29
94 12
32 72
109 68
145 98
89 41
43 88
136 34
102 5
51 35
94 82
62 17
97 9
154 66
186 77
168 4
194 3
41 98
29 85
35 61
91 50
74 73
124 25
38 17
61 49
150 13
159 74
115 7
90 16
140 91
45 44
126 55
188 49
199 58
193 16
111 76
113 42
38 28
194 3
84 98
166 48
50 79
70 48
165 9
62 2
133 35
193 69
111 25
12 90
22 16
174 36
120 45
145 90
179 26
69 3
67 44
37 94
49 35
39 10
146 4
185 13
171 93
53 8
85 33
36 79
195 69
11 36
184 5
162 26
178 49
136 99
171 2
37 11
69 62
15 65
103 21
86 29
34 68
69 48
84 56
27 37
146 58
180 1
159 96
57 84
109 39
78 60
120 64
51 67
185 17
21 90
73 53
116 8
148 3
169 98
55 64
121 7
20 25
77 95
86 33
189 86
177 64
118 79
139 18
72 14
137 3
168 33
82 39
30 74
117 73
103 10
163 7
114 18
68 22
178 76
43 77
49 98
11 63
179 80
49 66
30 75
170 2
114 12
26 45
23 11
93 30
188 38
76 60
90 10
146 3
31 89
176 94
63 52
96 43
104 43
89 97
113 12
27 89
198 86
34 37
10 23
70 23
113 1
99 6
185 11
55 66
82 68
65 27
177 9
183 95
65 15
27 29
79 80
121 14
193 8
19 90
154 55
67 29
70 49
73 41
17 55
40 17
171 26
33 11
192 61
153 79
83 36
197 23
118 58
78 59
125 39
94 46
190 5
135 57
175 84
175 52
118 7
92 8
87 67
136 75
59 33
30 48
173 46
111 39
98 6
73 20
196 56
80 10
45 80
142 8
190 40
177 24
195 35
29 99
12 90
166 42
114 7
182 40
158 76
198 82
65 44
58 29
153 24
33 88
139 80
152 55
21 31
181 28
44 65
174 42
115 33
199 37
47 59
48 4
84 41
165 5
179 41
166 3
155 37
112 54
177 68
174 15
100 82
156 28
115 99
123 14
147 4
91 100
152 50
199 94
52 2
101 91
163 41
28 74
115 100
51 18
58 64
165 79
168 45
67 52
169 55
127 31
92 79
115 70
130 22
109 26
84 54
61 2
102 60
92 93
107 54
126 56
178 30
138 11
180 47
127 47
89 11
174 72
102 77
48 74
177 34
52 67
137 56
121 55
11 56
171 41
114 58
148 4
150 31
164 20
154 15
82 31
148 2
99 55
192 66
157 91
168 95
141 62
179 5
54 35
189 65
194 66
189 11
15 88
64 38
139 18
183 21
123 89
62 85
12 98
184 3
19 20
110 67
41 6
45 28
152 36
108 79
172 34
75 60
150 46
63 33
20 19
52 96
183 46
197 11
99 89
35 38
195 18
137 51
28 10
28 77
33 82
24 20
45 89
145 12
187 73
92 61
162 55
200 30
104 34
138 3
62 85
12 76
110 72
138 17
96 71
189 27
32 29
60 6
130 92
113 47
10 80
127 98
150 6
13 36
76 21
52 31
181 54
178 15
173 36
171 72
34 36
115 54
151 81
160 39
147 2
197 87
190 94
72 27
20 91
24 37
13 23
166 48
128 68
29 14
94 77
179 73
77 46
91 19
148 36
140 43
65 97
80 44
81 8
181 35
180 88
132 3
185 26
36 73
178 66
13 12
161 5
47 38
50 14
39 65
165 82
180 46
159 14
124 41
47 27
147 34
59 90
120 62
171 37
169 58
30 54
134 8
153 54
52 83
32 59
191 2
33 1
104 63
150 29
95 3
66 14
199 20
176 20
128 4
78 49
170 68
12 31
127 92
171 72
59 91
39 41
49 97
193 38
180 47
141 68
56 17
31 35
126 58
179 32
89 92
17 77
84 58
63 26
97 80
27 28
83 29
17 94
85 7
105 15
60 3
72 72
185 59
87 88
62 91
25 83
66 75
70 35
199 85
53 36
14 51
188 64
59 8
132 74
60 6
184 90
40 64
63 49
131 99
29 84
160 41
184 37
157 81
112 50
38 10
120 65
194 89
179 22
44 17
147 98
113 54
111 55
41 60
144 94
155 18
25 18
74 89
106 62
70 84
61 26
181 71
38 31
19 1
135 23
149 29
150 32
66 67
128 66
49 92
137 13
147 12
134 56
44 43
153 84
54 82
33 19
57 53
193 39
22 52
160 57
183 25
153 68
112 90
51 59
50 78
189 87
131 3
111 6
185 99
158 37
129 64
97 73
139 38
125 12
50 48
157 31
26 54
167 90
35 45
86 35
26 78
109 41
14 21
179 90
152 43
128 43
56 76
82 2
80 43
49 55
126 89
141 30
44 53
13 58
96 59
151 7
59 8
103 63
33 91
143 67
155 17
148 67
24 75
195 87
90 52
105 40
172 67
49 63
50 11
195 29
78 65
123 18
31 64
164 3
85 16
83 63
91 58
101 42
187 52
116 92
102 49
71 87
88 24
66 39
183 73
103 21
71 51
56 93
23 62
91 21
34 31
66 70
91 34
142 96
99 34
133 78
12 2
86 77
56 40
151 53
68 29
10 58
63 96
47 66
98 94
47 30
158 39
31 47
130 94
192 70
26 72
66 46
49 80
185 70
71 90
147 10
163 13
42 18
79 18
104 87
16 81
109 15
110 25
78 87
195 47
132 83
180 36
170 17
103 60
105 2
61 32
56 48
65 48
31 69
156 46
34 54
87 78
135 68
28 78
160 57
158 93
142 54
70 61
108 53
106 97
199 52
63 2
87 74
173 70
121 22
171 45
84 71
108 39
147 9
187 86
48 23
59 79
180 57
148 83
30 91
141 5
21 58
100 26
46 63
14 44
52 64
86 9
57 20
194 83
24 62
85 28
22 38
126 31
58 70
73 67
59 35
91 96
147 28
78 99
10 11
159 47
131 60
152 78
120 85
58 2
141 78
69 3
64 8
141 62
17 79
144 33
177 87
67 21
131 55
142 88
194 18
138 49
173 19
77 29
196 2
169 63
188 96
129 13
131 94
189 69
132 79
152 85
11 100
135 10
66 68
13 95
18 38
134 48
96 55
68 63
112 11
47 67
23 20
96 96
191 57
29 61
46 4
134 78
43 48
31 77
143 47
34 1
32 13
137 1
24 34
14 4
37 29
95 100
58 7
132 2
182 47
68 36
27 41
147 9
15 39
62 37
179 29
70 53
34 64
197 25
96 93
64 6
173 64
173 34
196 77
163 82
187 12
170 80
151 24
163 26
146 95
79 67
192 46
106 93
39 1
47 85
188 39
183 47
29 46
187 88
11 9
66 35
79 36
123 27
112 73
53 61
42 15
180 77
139 81
59 30
41 15
173 47
167 5
103 82
165 62
175 93
182 10
127 24
91 70
143 82
26 12
76 8
37 18
64 87
174 88
64 80
26 64
153 14
200 58
195 96
29 1
147 31
140 26
16 50
111 43
68 71
26 4
69 51
84 92
17 82
100 38
64 44
73 47
59 76
135 75
147 53
14 94
53 59
131 99
95 16
21 45
121 60
63 80
143 73
101 86
146 63
199 45
26 52
162 46
160 3
160 55
18 54
115 97
62 28
39 91
130 97
198 100
56 43
159 6
82 62
57 31
188 4
152 94
138 14
21 70
71 44
52 68
180 98
51 79
137 81
83 25
129 40
75 68
50 54
28 27
130 26
197 16
47 18
177 43
158 16
167 7
163 35
193 49
20 49
187 79
80 75
