10000 10000

91 20
333 152
108 23
419 154
287 76
170 147
38 177
379 91
393 93
135 131
407 47
16 125
92 184
63 151
94 97
269 81
227 158
88 83
61 94
320 135
338 162
194 193
168 195
219 181
359 35
351 44
51 136
208 76
73 166
385 168
471 94
156 168
94 141
163 136
11 32
393 76
310 184
376 28
295 4
297 19
267 60
426 1
142 133
221 200
409 25
339 171
457 169
208 16
462 62
124 158
155 75
303 141
339 67
255 51
476 200
252 109
462 45
423 139
136 162
257 68
24 6
435 177
254 130
89 87
164 36
407 198
388 132
397 192
444 124
284 28
52 130
232 9
342 30
284 90
65 70
324 178
277 85
387 16
223 84
355 102
412 60
39 9
282 16
401 37
427 95
259 88
316 150
142 5
128 143
163 166
226 102
214 84
333 132
249 193
373 55
123 100
267 104
346 18
468 43
424 68
165 71
374 134
379 108
399 179
118 47
139 96
238 92
364 1
391 95
245 102
271 115
465 93
481 128
128 162
304 11
121 87
435 69
85 141
383 102
447 161
454 105
99 76
346 27
149 31
405 187
483 161
227 126
451 186
405 98
171 98
216 46
488 162
311 177
289 109
312 78
137 78
396 180
70 129
183 6
381 173
309 8
104 143
150 132
206 167
427 141
109 143
387 181
327 122
63 118
46 29
477 172
454 192
110 62
55 165
139 174
459 137
279 74
71 169
362 37
124 130
192 161
180 159
266 153
178 13
376 9
480 117
266 158
370 191
102 68
318 123
217 44
175 50
183 135
353 9
259 137
455 42
35 76
129 180
397 3
399 53
269 40
331 199
405 126
51 112
280 122
100 199
182 50
150 25
36 161
65 89
230 26
488 75
67 192
324 144
344 116
130 170
345 65
255 96
243 144
348 192
81 179
354 6
368 13
301 92
289 73
23 78
332 200
285 194
329 6
196 5
48 50
412 11
415 11
336 13
277 110
166 109
297 66
34 98
133 159
82 123
487 87
384 21
151 108
440 48
431 66
140 86
25 2
227 137
38 196
356 102
256 197
127 9
206 153
321 180
393 139
40 158
335 115
167 170
339 67
134 9
77 117
45 177
337 15
310 86
411 190
395 131
383 33
350 157
492 54
335 97
380 187
396 91
127 191
198 16
196 181
414 141
378 46
238 88
456 85
134 10
391 111
377 112
312 78
130 16
189 109
166 41
285 63
191 175
110 105
101 95
148 69
242 106
316 135
50 82
463 117
63 89
213 32
102 7
224 185
51 195
353 43
492 199
259 68
102 113
477 181
82 47
19 49
151 109
414 135
430 29
153 34
99 6
332 129
130 81
473 123
165 80
363 138
195 35
149 76
69 110
444 7
306 43
430 63
222 77
380 11
179 35
490 192
197 89
267 144
435 168
384 67
39 174
21 200
126 16
181 106
429 70
69 48
366 30
69 175
421 31
306 170
432 35
308 140
393 137
107 19
395 64
13 185
176 129
192 86
64 117
68 89
384 92
353 143
316 141
372 142
213 90
444 173
466 58
336 29
424 104
244 145
87 92
463 173
55 69
42 111
191 132
242 200
147 100
40 110
225 72
303 39
472 182
462 181
349 189
191 1
290 38
474 117
274 188
232 34
490 70
359 112
210 120
16 92
198 73
493 65
22 161
356 38
101 1
226 24
334 3
78 178
204 119
21 13
340 184
229 177
261 188
216 50
101 195
304 139
88 1
435 194
142 109
327 29
212 161
231 169
454 74
80 189
82 55
239 87
405 152
462 121
271 138
140 134
328 108
190 18
216 90
401 151
304 42
107 110
490 129
218 189
494 104
302 170
137 121
347 124
130 8
418 109
59 197
465 153
182 164
187 83
80 196
377 110
320 15
276 94
16 153
118 55
238 81
301 100
181 57
446 86
59 6
291 108
149 160
239 165
134 33
401 155
132 87
387 79
425 196
229 138
404 150
197 38
89 83
58 31
391 34
216 90
209 47
353 169
53 91
83 115
25 71
280 24
363 61
122 20
57 131
496 62
450 138
61 167
425 58
17 179
162 109
360 187
213 63
67 182
451 179
146 187
337 156
211 81
429 22
348 181
75 107
271 151
35 61
100 10
286 116
478 158
368 100
61 121
193 145
448 193
375 13
374 53
264 55
77 38
278 24
155 176
252 1
120 70
307 63
479 93
144 83
404 16
319 58
47 20
430 124
230 16
190 124
348 35
122 83
85 172
320 186
390 170
73 59
48 147
301 150
99 198
258 119
13 124
273 26
425 95
383 31
467 45
249 134
321 196
23 165
235 13
441 53
226 150
139 59
160 97
418 157
290 71
270 129
202 134
459 108
391 80
167 8
91 89
273 98
242 110
292 82
354 52
382 78
121 26
456 141
474 2
347 7
435 41
90 78
16 12
402 194
62 70
42 99
138 71
498 191
273 137
78 140
66 14
305 92
79 174
257 97
411 59
174 177
263 175
361 156
230 35
256 72
468 182
31 119
98 66
106 110
188 134
283 10
301 159
87 95
244 139
169 113
45 104
302 167
66 91
149 119
441 67
69 109
396 4
22 106
351 57
181 138
160 76
306 110
369 28
296 40
258 67
49 78
181 78
476 173
136 198
43 171
489 153
207 36
231 96
318 164
179 176
241 141
165 13
161 141
162 133
21 95
117 52
498 56
152 197
315 94
328 110
459 109
450 35
318 189
40 90
208 153
183 14
431 91
124 143
19 116
342 124
198 50
380 167
188 8
82 146
53 167
448 2
93 18
199 187
124 106
10 163
320 200
462 2
137 138
174 157
63 189
137 113
285 73
395 177
156 123
340 190
75 85
146 193
411 118
256 105
17 116
469 177
451 60
72 158
329 173
234 1
297 98
149 161
279 159
92 77
157 44
141 151
368 3
377 3
30 12
184 186
136 119
496 15
484 15
267 121
366 169
103 197
328 170
246 79
435 14
269 132
306 198
396 29
142 54
136 179
91 70
145 98
464 159
201 15
57 118
276 120
52 121
145 130
111 26
265 29
301 181
377 56
17 24
214 135
171 125
386 39
460 89
149 82
326 154
379 129
461 145
370 132
244 107
186 135
176 93
457 119
415 137
460 196
14 139
475 28
292 101
214 99
376 34
305 139
299 137
67 125
162 132
187 144
485 79
406 34
273 155
176 32
418 144
213 174
62 36
227 185
198 180
13 1
208 59
103 38
41 179
226 133
120 145
212 10
205 188
215 196
15 67
428 30
493 60
66 132
110 116
468 159
445 100
155 46
155 64
223 38
303 130
435 44
492 48
383 17
242 101
391 74
202 187
486 49
199 52
255 162
347 40
203 75
386 166
258 92
100 120
40 41
391 153
394 119
306 136
175 12
267 34
281 133
307 156
61 182
156 13
311 7
344 174
61 146
388 40
404 30
245 130
422 84
409 41
313 75
117 139
334 116
209 94
76 167
170 198
446 134
432 111
472 183
378 169
260 160
335 85
180 1
157 33
481 17
368 71
55 114
16 63
368 10
280 146
202 116
318 174
473 122
492 33
238 191
209 188
363 78
160 52
250 125
204 9
98 194
126 51
323 18
64 63
390 186
426 82
88 3
400 171
192 34
393 180
398 46
250 186
132 195
102 188
439 35
71 72
324 13
53 55
210 79
386 184
221 67
238 180
188 122
42 127
238 137
388 181
359 193
498 165
243 151
219 40
27 163
148 19
26 2
474 98
298 140
304 77
483 39
27 110
413 159
401 68
451 160
74 188
110 173
153 142
28 195
490 127
478 84
51 194
147 99
367 149
123 102
376 165
60 85
132 46
454 52
468 46
455 84
145 9
284 151
183 173
364 6
297 104
500 146
233 65
304 188
346 28
168 112
298 85
421 65
89 47
455 20
181 45
186 52
160 117
476 47
117 99
330 154
385 107
488 177
138 198
273 1
162 146
246 21
146 68
248 193
254 28
488 11
422 31
228 52
231 117
160 2
289 106
165 200
376 173
91 149
181 30
312 156
442 45
19 3
458 127
109 138
134 190
397 199
390 130
198 37
362 178
66 166
449 74
100 122
409 51
36 180
400 183
479 175
319 118
179 97
260 37
192 107
28 43
30 162
92 52
146 194
80 38
361 40
158 148
473 154
243 4
416 166
30 32
332 52
246 167
58 146
433 164
10 73
203 70
242 17
242 2
293 139
441 141
426 152
27 35
23 24
61 57
138 13
448 190
80 95
227 69
144 61
121 14
192 188
201 149
447 14
428 42
275 146
332 137
348 193
407 148
258 1
231 117
177 199
194 188
153 45
23 12
469 87
174 8
437 5
87 12
138 139
41 116
194 138
330 37
400 134
76 14
307 45
19 118
339 53
396 125
184 5
46 63
173 31
493 169
436 70
257 66
381 74
437 49
382 118
32 102
10 129
77 120
464 58
18 113
248 99
11 36
194 43
75 177
184 152
195 89
291 59
246 150
186 78
373 158
405 137
346 16
325 25
229 144
19 200
172 78
301 2
90 9
173 140
165 2
281 100
384 130
420 24
145 185
426 197
234 103
220 90
139 12
387 120
368 126
60 109
451 193
145 65
95 4
80 192
271 7
331 58
467 172
231 95
84 146
419 29
286 172
493 164
46 188
181 52
462 130
444 130
396 53
278 98
316 11
346 6
349 144
350 113
149 69
100 20
273 37
139 11
207 182
138 80
67 164
464 183
202 177
244 99
204 94
466 39
411 162
343 11
218 73
145 53
205 120
250 164
315 1
170 31
479 99
256 10
129 25
50 88
100 174
254 122
40 83
320 63
15 39
51 89
474 99
495 42
448 149
327 45
31 94
217 136
217 73
301 197
82 159
275 90
427 16
256 100
14 83
109 166
156 98
240 92
497 82
275 161
305 113
89 101
209 150
169 107
364 39
243 60
37 50
328 149
334 28
491 170
332 132
97 111
28 108
475 176
181 200
164 181
97 70
173 129
346 165
67 165
309 89
192 173
299 81
19 18
159 4
300 164
318 75
402 56
390 83
215 121
411 97
256 7
234 164
253 107
248 100
486 71
388 26
285 99
330 74
353 46
298 148
266 57
375 51
24 119
360 80
476 112
374 98
18 114
390 199
80 20
450 136
60 10
125 140
459 116
229 32
479 114
436 11
307 180
301 60
330 109
333 176
64 53
25 47
328 152
186 106
128 6
243 136
395 69
221 46
370 183
288 91
305 20
238 82
270 123
271 147
476 176
441 196
274 170
491 25
301 146
190 41
401 65
396 67
224 42
364 175
400 87
325 27
88 36
216 198
231 144
165 118
186 131
292 44
337 115
222 125
276 31
355 31
126 177
438 174
75 79
199 66
355 120
149 159
52 182
266 167
95 10
145 71
373 55
169 129
41 55
449 52
345 6
137 52
135 109
281 135
144 58
353 106
255 119
311 149
347 116
494 98
387 97
480 133
58 89
429 6
251 155
470 148
466 171
303 200
63 75
359 156
98 174
63 123
387 56
333 104
447 192
33 193
123 189
400 102
115 124
61 105
142 26
23 171
97 94
361 62
261 13
116 167
477 32
397 38
294 125
302 188
415 190
139 62
193 89
205 146
332 162
405 130
19 125
148 80
164 78
186 159
171 99
255 183
403 162
438 195
219 115
413 148
71 163
244 60
147 32
213 172
485 105
252 113
479 85
282 189
480 35
358 155
260 184
316 69
216 44
213 198
444 199
432 91
96 28
491 171
389 80
17 39
154 132
104 109
304 58
410 45
179 75
222 66
256 113
123 17
144 15
137 119
333 2
199 48
70 142
256 76
345 186
49 73
494 48
355 108
211 65
225 90
247 161
329 87
499 1
50 41
489 65
31 104
452 159
102 184
363 92
246 66
184 140
97 114
356 38
60 194
71 159
189 129
118 85
74 168
319 19
229 123
476 35
499 126
487 136
151 23
345 99
359 150
424 41
42 79
400 6
124 38
204 75
219 151
52 107
341 182
115 182
384 146
365 92
39 153
24 44
70 149
69 197
228 27
363 50
412 164
492 21
65 183
433 115
56 50
103 46
248 151
57 97
91 159
60 77
140 57
405 157
210 195
137 85
370 29
125 61
49 26
170 96
89 196
163 135
18 172
485 196
398 56
351 188
454 113
406 166
215 157
410 46
403 48
117 136
352 14
14 152
152 152
471 190
316 184
469 33
200 123
359 106
59 15
465 159
227 3
208 171
164 146
432 34
377 180
498 133
10 90
232 186
371 9
333 61
348 38
408 192
156 150
75 162
192 91
297 188
331 200
35 164
325 123
207 153
159 91
432 166
362 116
458 55
364 148
396 70
376 170
21 72
475 121
229 116
58 163
424 115
354 108
235 33
439 55
396 110
41 139
174 96
336 8
419 47
110 152
393 10
401 199
195 159
196 98
385 34
68 190
452 194
143 115
324 174
266 182
316 157
126 34
196 189
14 185
480 124
52 142
157 145
398 59
475 142
198 63
158 181
115 197
236 16
335 84
112 145
20 195
445 57
52 7
479 8
88 179
332 138
379 29
213 34
349 30
388 195
265 93
106 27
311 44
205 114
173 87
311 131
35 191
96 102
409 39
487 170
394 51
277 94
460 41
37 81
132 169
312 157
493 149
26 91
154 58
229 97
329 171
31 177
337 178
242 18
167 101
302 46
19 195
473 24
173 182
258 90
161 107
135 138
443 112
444 132
252 163
450 97
385 49
70 39
483 34
448 161
376 3
235 122
156 8
200 196
48 170
205 113
218 101
130 69
218 119
107 65
256 104
397 173
142 184
408 10
243 199
205 35
258 105
131 30
99 142
412 177
491 58
453 161
480 8
139 166
420 192
151 87
255 12
445 194
43 66
187 85
338 164
163 165
420 134
305 144
374 157
251 172
67 108
99 10
487 80
339 179
315 6
153 4
416 23
139 192
30 28
303 105
425 109
228 160
107 188
223 102
35 194
26 17
24 53
99 86
141 200
278 140
175 46
53 13
397 41
158 100
44 119
71 153
471 170
374 163
449 87
73 175
156 160
57 15
302 157
394 21
444 159
236 118
434 42
112 125
108 53
190 174
419 50
37 113
40 9
11 7
97 2
77 109
458 165
200 120
432 23
45 80
333 104
375 141
197 134
395 136
309 128
461 39
356 51
152 113
196 64
247 61
363 154
223 158
103 137
143 73
199 79
276 165
210 96
348 198
92 86
155 11
123 113
203 187
410 171
404 159
175 8
45 131
275 113
323 11
397 150
439 103
30 141
14 174
426 177
115 96
287 151
16 161
449 162
175 105
397 107
176 142
451 12
394 14
292 142
61 37
297 111
446 148
146 120
436 146
253 147
315 119
434 25
496 7
125 93
52 3
50 163
114 109
406 11
373 13
360 150
15 181
127 133
138 158
468 50
302 179
302 50
14 186
23 81
226 166
422 135
416 177
494 157
280 86
39 92
376 140
174 159
82 19
270 117
149 135
444 98
174 140
456 87
128 44
131 193
286 123
72 193
465 149
179 117
141 89
321 154
391 101
105 127
75 43
442 102
389 86
257 154
102 182
127 156
65 124
486 87
62 15
28 87
379 94
52 118
126 95
449 169
93 6
395 78
109 65
359 24
155 14
494 142
86 110
374 74
416 156
370 64
486 34
471 72
400 144
198 67
239 110
369 132
446 146
493 159
369 30
180 185
304 90
378 181
303 24
75 8
495 8
458 146
110 99
408 99
465 190
95 138
79 12
242 19
198 43
500 25
15 29
173 155
133 147
81 166
73 131
132 20
138 147
390 126
218 107
486 17
347 1
305 57
177 168
346 176
169 82
216 48
381 97
450 25
434 11
115 28
376 78
317 34
352 63
310 187
111 98
497 134
453 7
464 184
476 191
173 8
500 13
234 61
417 189
384 106
246 59
82 115
361 102
400 26
363 71
265 196
41 171
137 38
265 78
479 152
426 154
488 2
405 121
283 136
91 126
130 85
72 142
121 100
180 94
162 110
446 119
21 127
381 4
116 42
224 128
220 168
336 196
434 101
265 96
28 164
463 92
333 184
182 144
211 58
299 96
262 43
84 186
374 115
68 86
19 52
499 181
49 89
40 75
92 16
480 95
132 141
353 152
387 130
71 135
464 1
356 73
438 50
362 44
378 128
377 32
11 48
404 180
64 29
240 139
480 12
440 132
100 195
298 164
129 104
204 92
232 66
102 64
173 70
423 85
187 177
332 116
86 17
433 93
289 191
444 166
216 115
427 60
259 13
475 197
431 132
309 12
294 105
71 131
435 187
119 41
358 173
232 188
494 141
395 95
99 71
204 172
72 159
166 162
367 174
493 66
13 36
279 175
169 147
462 137
230 100
457 134
359 174
379 156
366 166
336 114
329 150
189 196
396 182
467 118
272 57
262 60
323 17
123 43
60 92
30 21
159 46
193 194
207 23
294 154
95 131
202 162
393 46
487 127
145 49
171 160
312 175
159 192
414 143
217 150
492 186
275 174
79 112
276 35
234 148
121 102
218 135
471 150
413 66
457 12
156 3
271 40
13 131
156 188
311 18
140 1
272 55
260 119
274 94
105 59
98 122
74 123
459 43
230 23
40 154
258 88
242 150
162 30
96 97
19 112
73 119
362 109
265 134
319 6
145 122
16 7
114 20
134 118
39 58
134 179
474 64
436 145
489 31
228 133
106 13
119 63
274 59
304 96
329 106
172 100
413 165
409 153
44 14
102 144
317 83
94 50
400 169
410 165
416 89
253 143
203 20
297 83
493 106
274 15
338 52
281 105
84 178
146 15
259 57
325 57
442 192
128 172
259 63
52 195
111 105
298 115
302 70
106 132
139 27
356 97
308 74
362 90
364 153
92 30
155 30
426 8
306 46
262 124
238 51
428 74
145 28
464 132
386 164
117 190
294 22
424 119
246 50
153 68
392 47
396 177
309 65
156 58
246 70
335 5
15 136
385 83
164 27
293 27
112 75
108 126
427 22
132 26
371 110
336 93
303 65
36 167
281 129
155 58
353 188
237 178
329 36
140 76
153 3
117 82
50 165
161 78
288 146
383 7
428 46
498 10
463 134
109 29
424 107
448 29
199 200
148 41
68 174
426 127
351 119
107 113
196 191
22 130
197 156
439 87
107 141
220 99
363 190
336 121
335 83
284 58
166 157
27 40
432 84
251 136
279 103
162 198
59 109
369 122
332 6
306 121
29 105
183 45
440 174
215 122
466 119
393 175
352 14
250 104
292 53
393 27
387 34
68 37
18 87
96 111
270 154
166 89
209 109
89 166
17 88
298 181
148 8
453 38
453 25
258 173
373 165
244 114
175 158
448 52
330 36
18 83
297 8
398 182
93 130
145 58
22 184
175 52
114 37
200 39
103 127
373 195
409 123
52 175
181 118
486 111
265 84
58 200
461 60
306 149
485 76
353 116
266 3
333 3
210 194
332 12
386 54
229 27
205 82
237 84
479 122
374 29
161 80
116 111
345 131
227 194
363 58
332 142
182 56
128 99
58 96
247 164
62 115
194 166
91 113
25 113
269 84
169 200
20 131
302 87
289 54
305 167
41 190
43 44
323 142
206 77
451 104
416 118
453 163
105 112
233 20
83 6
247 192
230 181
154 123
330 76
28 89
99 134
140 5
127 146
390 44
420 57
467 2
274 92
22 55
350 197
270 134
277 146
496 74
481 56
175 88
80 55
134 105
384 191
475 160
491 169
366 73
94 167
48 176
130 166
152 145
177 23
428 12
257 77
137 181
330 58
115 147
62 66
285 83
108 20
168 5
139 93
104 111
435 103
97 10
216 112
453 130
39 111
497 117
470 95
59 196
347 149
298 74
82 152
467 124
359 170
448 200
226 13
252 122
379 67
70 32
70 49
421 45
491 57
173 60
283 100
470 199
144 195
68 195
24 3
384 148
63 115
95 127
360 60
488 54
152 5
29 29
413 200
93 158
81 82
333 53
132 7
422 11
125 94
258 168
489 35
224 138
86 11
452 57
183 137
187 2
36 118
352 141
90 169
418 36
205 121
362 199
111 13
95 82
175 98
314 69
434 111
29 104
213 69
103 117
125 112
156 56
366 62
261 150
338 47
279 78
58 183
440 133
292 85
210 92
310 80
270 3
231 7
11 28
297 16
473 200
405 190
168 56
99 89
92 185
492 79
280 32
191 51
324 55
48 70
437 51
255 108
16 54
245 117
176 24
428 196
340 29
283 46
21 23
351 89
223 183
451 146
197 125
198 21
308 59
114 158
140 104
496 137
395 52
402 196
163 96
134 196
73 139
391 154
244 117
315 157
39 129
273 149
86 119
201 62
96 32
362 158
322 194
122 114
114 30
395 4
205 130
232 176
470 197
158 133
260 148
41 6
319 74
356 156
47 25
73 117
161 176
186 10
475 43
249 1
192 86
118 98
94 98
226 10
474 170
351 65
423 129
281 115
277 68
408 105
214 34
362 73
145 123
352 111
50 35
346 35
152 105
297 40
114 173
346 13
488 58
301 106
265 129
430 156
418 192
391 38
408 108
196 83
373 43
233 26
105 11
135 77
476 44
465 183
86 40
414 150
197 103
419 94
47 129
448 97
105 87
34 64
399 152
12 60
222 90
191 35
183 80
244 1
10 108
119 31
66 159
464 118
448 123
488 4
302 93
330 75
66 69
84 121
42 176
426 80
220 128
68 7
290 163
250 103
396 32
406 195
316 159
224 20
286 3
62 140
17 86
24 97
489 120
198 118
407 62
427 186
78 28
481 182
291 186
168 37
333 15
103 100
34 171
78 45
183 39
244 107
229 193
118 82
340 192
138 15
390 3
358 181
198 179
466 72
415 197
449 183
340 58
186 82
265 52
431 116
490 73
369 169
383 92
254 184
50 55
36 66
285 84
494 91
229 162
237 65
364 112
137 124
317 38
186 174
66 65
171 195
488 78
450 100
316 188
86 131
192 32
148 88
148 142
232 154
499 200
461 161
475 19
349 101
183 27
408 161
81 144
346 199
431 55
443 1
262 135
396 121
444 8
60 184
116 172
444 107
467 36
485 173
397 104
459 97
256 35
359 96
141 100
448 49
63 186
105 158
56 26
175 12
130 26
167 16
192 199
167 77
185 74
234 62
358 139
218 136
469 30
93 103
91 117
128 90
99 71
426 107
338 177
252 51
70 26
326 198
324 148
218 159
159 150
165 68
406 94
372 67
198 7
354 78
440 157
438 130
277 199
13 151
300 92
213 25
20 159
23 50
114 92
101 1
337 179
87 184
314 161
198 161
248 199
118 193
190 48
471 117
113 148
407 124
195 194
14 143
25 26
299 191
169 33
367 71
212 119
348 74
27 146
75 37
211 155
354 102
88 97
203 166
347 62
32 153
352 32
421 49
208 55
94 147
110 62
109 13
152 13
214 44
174 9
93 10
174 116
315 68
110 93
438 139
50 11
174 29
311 169
206 97
42 130
268 51
304 159
279 86
231 75
421 74
403 7
267 103
356 160
453 49
485 23
408 45
394 104
222 70
18 200
33 40
72 180
435 138
419 187
379 64
238 169
118 155
446 188
457 41
451 163
238 165
446 86
12 113
445 8
85 44
225 146
108 147
174 71
397 189
290 45
241 157
50 187
216 161
282 103
427 121
437 97
162 73
129 61
47 50
422 198
70 124
35 76
353 80
409 130
457 28
364 49
271 80
352 97
110 80
107 187
65 92
138 114
156 145
11 105
413 114
238 98
394 199
119 69
374 44
232 164
358 144
405 19
43 49
277 41
446 97
448 129
285 57
16 191
78 185
378 53
348 159
266 81
443 157
47 70
398 26
332 95
65 146
498 113
491 58
342 94
146 100
488 54
462 181
301 199
448 150
100 71
468 132
396 120
233 49
251 8
419 180
464 76
227 87
393 113
489 59
232 58
280 39
396 68
77 96
351 97
185 83
113 183
30 4
481 47
458 55
335 32
165 148
35 123
19 7
394 149
70 27
317 58
297 5
60 48
120 119
257 19
447 20
65 200
266 5
86 66
452 47
116 150
127 62
362 84
123 109
368 57
336 77
497 115
217 185
254 112
295 173
393 53
393 29
278 79
39 149
352 195
438 48
29 131
235 139
368 143
481 139
412 141
371 194
44 194
305 117
169 70
284 182
272 14
132 7
371 158
155 194
171 84
248 74
188 187
93 153
482 174
161 110
378 177
59 188
399 81
105 103
118 183
83 101
496 82
136 18
246 26
131 170
444 48
29 89
91 109
210 32
239 8
164 95
243 200
131 131
69 65
96 91
191 125
375 116
440 155
354 44
98 115
170 82
27 13
113 154
285 188
398 52
130 29
72 4
17 87
13 93
205 146
343 33
416 69
397 55
345 149
184 169
216 3
176 23
99 48
274 153
271 61
132 9
450 35
283 77
158 188
380 142
249 106
148 63
424 149
208 152
258 158
139 79
199 130
174 54
452 169
185 106
206 29
70 4
342 129
199 121
481 57
264 7
264 86
391 149
465 147
111 155
427 135
54 131
258 120
206 193
293 9
90 39
400 72
131 120
143 120
335 194
19 108
284 119
321 144
480 191
270 11
477 31
268 106
81 53
367 100
230 144
227 17
11 1
495 117
101 29
327 151
32 18
209 99
55 56
434 186
50 102
278 71
378 119
40 177
340 160
70 91
99 23
420 41
304 58
147 173
404 17
203 63
90 144
379 137
300 27
53 50
241 193
77 4
402 12
93 109
387 145
438 175
71 53
336 110
366 129
431 86
169 90
309 197
358 171
424 35
331 180
415 82
430 137
448 164
274 131
245 174
186 3
468 198
446 113
230 58
71 2
469 173
178 87
495 97
468 68
387 143
324 194
446 81
18 158
138 96
279 105
38 197
48 173
29 194
141 26
316 124
314 36
15 27
236 136
468 58
303 57
331 52
161 27
89 79
191 199
11 34
400 10
57 131
190 90
465 28
95 146
465 98
500 14
375 166
101 17
151 108
31 162
125 41
258 7
248 107
393 25
126 119
449 162
385 195
165 129
440 9
246 153
190 97
149 164
97 196
493 65
181 130
429 19
160 104
248 198
308 40
429 109
405 146
22 108
260 38
427 158
281 110
395 111
178 125
148 57
374 132
221 131
442 189
195 104
106 184
220 173
246 81
312 193
172 25
349 152
162 82
458 65
21 177
42 39
153 54
210 20
442 58
344 130
98 181
473 181
195 103
68 164
268 41
287 35
241 122
385 160
412 45
316 140
110 174
409 178
472 113
100 172
37 161
23 93
32 20
47 18
435 62
187 17
198 118
76 102
233 178
293 126
399 6
115 62
391 123
101 150
498 59
15 56
130 146
348 48
190 136
472 114
257 59
126 64
413 177
364 108
333 161
440 126
147 52
90 180
335 145
232 59
436 29
467 135
206 146
306 11
55 119
10 106
201 6
325 7
177 119
243 156
494 171
110 105
268 98
205 164
58 140
160 168
398 158
322 138
425 96
232 193
157 130
171 57
169 84
360 118
265 126
95 56
93 44
126 192
366 185
239 39
93 69
64 134
438 41
107 152
86 75
261 85
288 158
273 96
184 183
68 18
423 129
181 82
438 200
257 45
125 13
260 40
164 57
141 75
401 49
110 171
36 112
228 105
141 143
400 124
487 156
380 94
208 151
431 107
476 77
40 130
123 131
52 17
66 145
18 196
421 156
87 163
330 160
247 49
343 148
81 171
112 11
223 88
334 92
357 30
201 73
361 79
331 53
11 9
209 2
112 14
305 43
214 59
226 80
399 33
217 25
162 183
348 28
448 7
499 151
128 46
168 192
12 35
375 188
60 55
265 33
381 192
323 65
243 98
300 102
239 181
468 60
108 146
342 198
361 24
29 132
63 7
44 171
332 95
477 200
342 8
230 25
160 110
391 117
204 107
335 109
388 124
228 156
213 62
284 135
187 108
349 170
467 173
121 73
254 112
346 138
288 57
220 50
70 26
273 168
141 76
483 12
284 78
445 114
274 164
286 66
379 112
496 43
273 54
393 68
442 152
128 152
256 84
471 56
373 155
337 120
101 104
256 29
56 68
117 51
267 96
295 182
305 28
320 192
105 44
478 31
133 8
62 61
49 91
47 185
100 151
420 190
56 197
250 169
57 2
333 120
178 9
179 4
196 63
319 194
203 83
39 26
418 131
356 165
479 132
27 144
500 73
51 54
199 59
341 94
470 200
44 178
218 157
67 149
412 145
319 143
84 168
498 50
112 50
258 113
241 63
163 141
452 85
289 45
26 37
233 145
346 132
303 58
290 131
113 133
159 8
128 196
47 6
412 143
115 12
143 55
163 185
500 152
75 94
116 135
282 81
278 31
76 71
336 158
317 102
201 25
302 167
491 41
252 152
163 26
130 114
445 96
122 62
44 183
228 181
303 81
227 154
59 120
376 172
102 114
297 175
44 133
66 129
419 115
183 142
461 99
285 82
317 17
298 28
375 130
471 8
53 74
269 148
108 144
349 31
489 57
287 157
37 126
83 169
310 178
306 37
479 163
387 193
95 131
352 171
175 25
430 108
319 68
389 142
249 158
248 162
312 110
278 107
64 151
273 90
29 89
285 180
266 69
280 29
422 7
339 48
276 178
298 85
71 30
394 31
101 118
374 148
118 156
471 148
133 195
48 71
91 68
476 162
221 35
258 106
251 80
275 20
290 98
338 94
37 119
126 64
429 87
445 120
446 61
113 79
345 130
335 57
382 180
133 12
249 167
48 137
232 43
435 71
423 190
371 125
217 174
43 42
251 162
179 13
66 75
372 190
480 187
247 44
282 60
285 13
389 81
112 197
432 186
374 153
450 20
422 195
185 10
191 76
21 174
405 87
434 88
403 75
133 41
423 165
350 195
267 171
351 147
41 50
228 102
299 195
466 62
384 34
129 19
166 87
440 191
183 123
368 140
85 99
368 108
13 38
140 105
116 60
167 13
50 107
131 154
41 119
114 152
491 153
454 199
160 52
274 200
151 142
194 11
156 165
378 128
289 115
373 79
495 16
133 136
460 66
145 151
264 29
178 117
212 174
23 99
214 91
82 53
136 85
272 4
70 189
403 101
197 70
402 197
159 12
391 36
347 185
288 112
240 80
98 44
235 108
140 144
399 45
123 37
339 124
129 54
286 24
140 115
436 160
376 136
203 171
141 129
300 190
166 200
297 78
348 146
466 123
223 50
364 2
85 8
37 175
257 92
430 159
278 159
33 86
221 94
56 52
227 19
456 99
487 179
65 129
329 112
327 189
364 187
364 155
213 180
383 105
370 91
242 143
53 100
240 92
360 198
245 66
310 85
460 28
33 28
140 13
237 85
330 10
35 138
301 128
395 51
268 19
127 42
435 30
218 184
463 9
294 46
389 19
328 111
416 103
146 162
156 173
226 150
278 39
223 47
328 26
211 71
307 185
387 109
117 4
371 152
267 111
364 91
72 114
244 63
181 43
191 110
216 103
150 93
417 1
189 157
270 27
294 87
90 19
129 19
454 97
399 94
244 185
372 200
30 100
196 146
398 197
486 45
67 21
228 77
49 54
356 167
234 167
400 97
69 6
295 16
232 32
52 111
400 18
63 10
189 195
109 174
45 35
257 39
204 157
82 3
313 38
107 96
94 98
459 25
469 143
328 196
302 134
78 171
444 182
471 71
421 61
339 153
495 146
11 106
155 141
495 180
184 177
178 120
323 12
241 115
440 181
416 50
144 174
451 181
459 35
449 94
387 139
313 93
435 155
132 171
59 1
55 46
229 197
36 127
12 74
284 173
272 65
428 144
99 193
483 169
254 31
168 70
435 62
186 106
51 80
65 108
88 124
58 18
48 92
374 196
304 16
69 151
141 135
443 100
451 194
68 171
254 133
320 136
492 174
358 119
483 4
496 147
204 163
221 96
189 172
395 151
432 46
74 92
323 116
311 83
221 127
130 121
408 161
227 51
224 102
458 4
299 99
432 150
271 137
42 117
19 56
170 89
395 110
61 118
211 181
188 46
166 21
208 174
178 95
313 7
227 182
295 37
180 24
228 149
88 135
360 171
352 46
63 78
320 138
147 146
258 33
225 132
272 186
454 62
454 148
210 167
56 14
422 200
487 93
117 154
425 159
367 149
306 169
288 107
340 50
143 1
449 97
499 115
355 46
71 59
397 174
245 76
346 38
51 44
88 155
138 168
92 78
181 54
425 109
226 28
114 33
457 24
231 64
498 181
402 96
295 119
238 130
24 56
461 87
182 75
190 20
277 71
157 80
485 44
354 37
192 179
354 173
370 93
284 52
368 36
314 140
352 117
29 178
97 112
65 88
393 3
225 190
359 51
279 161
105 39
22 159
303 188
150 44
81 40
272 4
226 85
467 123
464 45
152 50
33 192
215 104
133 26
437 2
470 34
169 113
220 155
257 47
449 183
477 185
390 190
246 126
259 181
472 113
274 178
124 48
248 48
17 2
81 26
361 106
443 169
320 16
77 170
51 41
292 107
318 174
43 34
368 175
221 36
189 5
213 40
470 185
216 186
322 36
178 149
319 10
314 72
252 146
75 181
392 105
487 178
63 168
55 8
497 20
249 23
96 148
459 29
223 196
125 191
224 103
352 170
364 134
369 180
355 194
30 195
344 146
144 24
455 139
280 27
299 65
449 189
62 4
97 76
163 164
245 59
134 107
20 129
373 12
73 135
216 117
358 196
472 43
225 43
403 104
249 174
391 38
382 36
197 184
337 18
481 173
141 155
24 85
141 76
148 70
362 12
215 72
231 127
342 199
206 199
443 85
145 93
268 138
44 92
99 117
488 38
17 70
14 195
202 69
118 84
261 18
407 160
133 122
107 38
444 178
486 152
399 145
387 128
211 19
35 119
103 191
80 75
236 170
310 173
141 144
219 173
467 138
80 38
465 39
261 71
366 96
31 96
339 56
76 86
468 71
363 98
324 120
247 104
476 123
141 117
446 164
421 163
100 69
89 146
358 185
237 146
219 27
444 193
149 3
203 129
218 75
310 100
396 198
123 76
202 107
433 72
20 100
433 33
409 114
392 68
93 3
124 34
278 128
59 190
309 2
196 92
269 106
156 161
336 130
229 19
26 100
221 173
422 177
376 40
108 110
252 198
31 177
197 104
282 67
404 170
465 3
278 69
128 3
148 198
231 181
498 165
169 58
167 2
495 152
416 67
495 182
345 179
227 33
209 110
371 10
281 176
79 194
454 119
452 131
351 84
189 141
445 20
366 107
93 12
150 63
41 158
365 130
358 73
70 63
488 43
290 134
426 169
182 6
357 48
26 110
381 49
59 200
42 59
454 37
480 78
413 68
91 147
310 68
109 112
191 64
301 114
190 37
31 132
272 21
194 56
207 132
450 86
370 196
308 17
53 144
308 19
399 84
33 147
325 15
100 179
276 93
282 128
456 17
434 34
282 71
31 194
412 42
345 102
181 195
90 107
222 144
256 91
204 198
151 106
163 165
65 22
182 185
204 187
434 139
156 122
298 168
322 166
336 101
55 117
237 68
297 79
277 81
87 106
32 64
494 198
99 108
70 135
25 74
456 155
347 131
137 60
109 21
384 11
233 65
461 169
407 9
209 130
432 145
387 31
500 68
416 199
84 28
120 119
96 153
11 34
176 82
281 185
120 166
401 83
431 6
186 1
128 18
355 15
110 3
55 96
56 142
420 24
455 24
280 188
55 24
274 56
277 157
33 99
234 29
428 30
491 88
206 152
154 127
338 103
230 52
415 146
354 133
317 20
87 70
282 84
242 40
132 124
369 189
250 110
251 9
174 138
399 85
255 130
334 101
39 95
287 75
263 192
124 10
59 5
196 93
428 17
96 196
262 94
322 123
435 188
86 175
188 14
124 80
14 90
59 92
347 63
302 34
333 77
337 86
231 133
415 19
263 179
281 26
349 182
126 133
114 191
112 90
368 193
147 135
75 84
470 49
335 97
456 37
121 129
373 65
456 152
266 3
386 153
490 110
19 55
329 152
27 126
127 107
216 78
29 143
56 95
413 52
38 99
348 66
235 179
315 156
460 181
229 149
476 77
481 151
182 122
183 129
477 129
338 77
271 57
169 121
483 135
153 67
217 160
468 196
317 81
47 3
446 129
266 37
415 187
134 130
358 177
461 154
222 55
297 86
443 94
363 40
99 93
303 79
249 88
439 118
51 151
194 113
402 174
326 37
251 161
158 121
97 175
185 192
439 150
207 139
165 46
438 64
122 119
20 104
391 65
319 105
331 14
182 126
483 181
87 174
81 184
452 167
449 190
259 161
336 88
360 140
258 136
43 65
247 85
80 75
112 159
195 29
468 197
201 97
332 131
498 89
163 134
305 74
185 15
396 168
181 57
47 158
491 47
84 88
392 1
39 187
317 153
465 135
312 133
339 64
209 58
274 111
435 44
191 110
123 180
140 198
117 4
132 115
116 31
314 172
138 26
91 185
402 120
27 144
350 104
17 3
239 191
84 4
38 132
32 158
356 55
120 122
244 162
464 181
248 143
136 71
50 49
361 35
410 192
161 187
180 49
487 82
125 175
140 171
138 129
234 77
74 95
242 104
209 49
131 174
212 142
320 8
260 65
350 18
199 138
403 88
324 183
230 46
11 188
260 23
122 112
478 74
17 173
383 100
235 93
489 146
476 142
163 147
471 190
336 144
132 144
350 59
75 103
328 79
484 134
383 156
109 146
403 24
449 106
110 143
475 144
340 62
487 12
417 157
89 80
97 26
366 167
60 117
68 36
275 87
343 132
69 106
476 129
396 187
25 78
64 106
312 125
88 62
73 97
218 126
40 29
448 48
204 63
84 153
352 28
441 199
400 163
255 54
471 130
68 123
351 168
15 8
226 56
91 65
441 49
290 188
418 78
407 138
197 24
256 176
352 53
336 62
31 87
118 50
362 41
434 151
67 146
59 79
487 163
345 66
211 46
114 108
199 146
113 70
355 39
196 186
282 139
82 152
168 170
309 10
90 36
84 165
320 110
427 126
66 38
240 17
124 36
28 135
305 185
274 108
435 85
408 32
95 74
417 83
120 153
430 4
341 31
226 175
40 82
298 96
59 182
37 105
62 4
473 18
386 61
118 76
182 140
95 60
90 92
207 192
226 65
17 140
348 70
128 145
320 168
107 13
327 142
327 48
54 163
361 77
32 182
251 139
286 60
151 43
16 163
264 31
495 38
408 162
292 17
11 194
391 20
132 38
488 26
376 153
132 158
374 166
155 74
137 131
500 32
39 112
156 86
377 146
195 86
476 163
68 153
385 1
42 98
174 67
411 49
231 70
76 96
247 119
99 125
123 146
226 149
219 72
270 166
474 66
459 34
384 41
69 96
434 67
401 110
499 83
339 57
401 17
19 53
147 105
82 171
415 13
35 105
371 38
369 14
195 7
281 143
499 61
65 199
78 133
179 92
307 57
257 115
273 17
375 180
221 30
154 34
250 10
221 183
98 19
155 59
476 181
70 126
115 83
463 2
306 76
472 173
74 191
452 10
377 175
411 172
81 142
435 166
69 150
297 185
98 175
136 70
106 94
125 4
434 1
464 105
232 42
302 87
417 71
95 151
179 24
339 101
143 81
392 95
336 197
38 111
189 117
483 100
369 11
61 21
300 58
223 175
477 102
25 192
160 148
319 8
257 82
365 174
254 95
422 41
424 179
305 142
282 164
288 59
255 22
463 69
169 45
244 169
51 5
116 189
145 149
336 76
294 25
56 95
145 31
414 126
124 6
285 107
394 128
445 23
341 36
248 79
64 2
21 33
360 103
259 97
391 59
370 60
346 31
161 111
307 197
323 90
479 2
329 182
224 187
263 152
253 146
177 27
87 144
217 184
288 23
379 103
150 197
424 140
216 38
389 103
150 31
58 98
462 39
49 159
73 111
196 101
15 199
432 64
349 172
402 167
216 113
20 125
207 111
19 114
441 53
252 160
479 11
40 16
302 8
355 171
188 67
85 31
121 7
372 161
105 82
424 103
99 104
50 138
59 160
219 45
139 30
163 8
273 111
50 143
131 6
30 21
281 33
344 44
133 46
42 111
257 49
228 8
125 99
44 151
289 63
39 82
308 27
69 114
202 138
176 172
256 142
69 125
490 41
268 33
218 87
423 61
280 157
226 56
187 104
137 54
361 20
449 8
235 165
57 143
300 37
346 49
169 78
369 153
286 88
148 105
104 33
315 145
330 115
95 154
383 79
370 35
459 179
475 175
88 89
471 129
459 136
476 98
490 183
167 67
231 62
345 12
108 66
32 113
237 72
76 102
316 46
355 57
367 147
22 62
197 198
96 128
423 51
82 3
360 148
170 153
202 6
407 46
315 59
173 125
427 145
429 172
369 44
12 120
104 32
275 12
255 93
203 21
318 11
243 94
359 131
204 81
424 39
208 93
425 169
185 181
27 72
234 78
116 187
35 81
385 158
114 94
473 191
118 110
42 63
234 64
202 76
363 89
457 119
271 19
51 182
191 156
493 198
117 158
453 22
195 104
462 189
308 89
177 80
63 56
444 119
285 2
459 14
362 160
36 81
146 25
411 129
409 100
391 115
397 37
62 141
279 155
224 19
213 73
434 122
184 88
349 32
276 127
247 162
334 174
491 113
396 91
432 88
446 10
493 80
389 198
368 131
435 113
50 86
91 23
188 131
44 116
50 189
486 29
454 125
359 189
402 145
151 146
17 45
324 11
45 97
488 193
294 99
264 29
145 142
109 31
96 108
10 137
354 100
408 33
87 56
484 48
269 116
101 193
376 173
385 76
299 60
459 177
479 31
14 184
313 160
114 42
257 6
301 186
310 13
360 187
459 79
403 187
189 146
347 119
288 126
10 130
161 92
220 11
168 34
407 38
21 128
408 93
104 167
464 199
232 9
469 71
170 100
393 31
343 15
447 72
455 195
347 181
117 138
249 174
413 59
89 46
475 20
184 189
302 63
178 192
439 161
354 140
210 94
372 124
231 38
308 131
300 198
374 45
97 186
344 37
470 20
244 143
443 71
215 185
312 71
10 35
473 59
107 195
188 42
344 183
500 13
331 3
121 50
410 67
188 64
138 89
386 42
176 118
274 35
118 68
203 88
483 53
310 141
437 120
274 111
498 67
363 27
382 76
57 198
181 42
381 20
486 190
377 62
481 157
204 140
15 97
139 33
479 36
123 55
180 188
358 172
203 117
112 9
434 138
461 145
412 72
144 23
128 64
353 11
374 131
36 52
433 62
399 154
155 11
353 66
215 62
274 66
217 64
403 39
308 67
168 40
62 119
360 98
476 180
19 103
172 58
191 116
234 116
270 152
210 4
419 41
386 4
442 200
246 189
296 27
119 35
210 42
92 54
57 51
70 123
385 136
228 193
326 67
482 147
360 176
165 32
282 48
468 75
316 136
369 60
440 182
149 196
491 115
183 52
470 153
121 188
247 170
30 189
323 156
303 103
272 114
126 36
457 117
82 31
216 170
13 44
239 137
465 60
490 80
389 76
196 68
307 66
360 71
490 26
50 109
133 82
441 122
22 151
451 143
329 186
479 134
341 70
412 89
267 19
425 166
176 70
79 9
211 101
283 64
167 29
347 149
258 42
180 73
185 198
59 112
256 146
499 162
125 124
237 168
223 145
305 193
432 188
311 198
180 119
266 92
131 158
112 108
101 121
172 66
38 181
473 172
168 87
63 118
489 125
49 101
379 23
49 100
228 110
337 181
65 14
312 107
181 111
475 105
455 17
168 164
150 140
342 188
220 25
229 198
173 125
444 21
146 173
74 163
253 37
389 198
213 12
282 88
299 118
368 121
211 200
179 75
206 33
251 95
93 165
124 65
88 158
137 82
470 107
306 83
130 182
123 91
226 56
456 129
474 48
279 97
439 77
424 148
147 165
487 41
393 26
368 72
117 185
470 154
442 148
47 132
31 52
83 146
134 10
88 33
463 137
254 170
265 90
48 79
122 188
96 112
63 41
455 151
258 30
234 148
346 83
217 148
485 25
250 146
369 95
124 14
60 79
350 190
376 87
329 148
212 47
91 73
213 160
153 70
267 111
75 44
323 110
492 168
201 190
380 7
423 127
209 97
49 13
152 158
455 192
59 72
387 29
382 193
140 73
406 52
63 17
448 179
245 82
391 69
114 160
196 34
79 96
488 100
389 51
413 115
14 156
225 185
340 194
439 31
20 164
207 83
283 41
92 141
225 72
60 103
85 36
46 163
424 75
314 136
117 11
488 190
267 13
47 89
59 109
251 10
158 157
327 28
200 46
246 25
475 77
367 130
317 118
426 107
244 113
233 127
43 196
443 31
347 175
403 82
53 116
329 165
380 24
479 43
325 188
220 80
21 26
431 20
457 149
69 184
249 83
270 75
297 158
128 133
356 34
240 143
270 30
436 197
163 176
138 191
157 31
218 89
94 26
340 92
473 112
442 158
13 132
99 72
234 118
158 181
475 72
307 45
310 9
157 24
64 16
449 120
332 34
296 53
104 168
128 110
329 87
194 145
35 60
133 185
50 69
107 79
478 81
47 94
13 11
14 61
51 36
163 10
338 170
267 10
74 46
310 104
227 147
168 69
394 94
211 57
40 183
373 133
93 74
267 69
330 90
67 79
155 17
391 96
182 45
346 56
169 87
345 12
125 170
13 27
338 101
305 168
49 40
339 137
62 68
142 31
396 111
71 148
369 178
430 97
388 152
401 174
384 159
427 173
269 17
446 181
56 170
484 147
93 114
351 101
426 45
123 119
194 56
393 199
251 138
346 65
450 112
121 91
490 69
91 124
456 173
342 174
20 38
200 151
355 70
126 156
431 12
467 183
475 136
447 197
327 190
354 82
47 119
246 93
111 155
321 198
179 155
218 147
400 32
481 185
487 48
35 30
427 39
240 13
381 146
223 38
341 137
373 32
454 11
285 109
407 152
231 113
372 172
420 39
66 178
322 185
438 80
35 103
267 1
184 1
406 136
17 181
426 172
18 151
344 152
229 44
467 182
115 33
83 20
191 66
469 173
460 35
414 92
58 85
71 133
189 35
366 149
34 126
54 112
496 73
261 161
301 68
63 130
429 35
253 45
164 176
322 117
270 173
253 93
297 60
90 14
33 8
12 80
112 85
39 72
110 72
245 6
254 169
214 67
454 44
347 75
172 142
424 124
376 12
387 137
169 67
74 6
132 158
481 28
255 166
68 193
165 97
477 5
417 16
69 26
151 136
154 89
290 81
10 34
398 174
204 167
10 90
67 86
141 27
109 106
358 117
458 9
53 4
280 25
309 175
440 136
290 188
313 171
103 108
16 157
40 72
34 149
473 62
399 130
288 149
238 113
262 141
367 14
89 185
471 116
270 60
199 167
386 12
324 34
287 131
370 118
156 65
382 39
149 76
281 75
255 135
350 43
10 44
277 114
107 172
168 3
211 160
191 149
104 99
437 16
344 19
311 23
384 70
323 64
171 166
52 8
72 110
85 152
461 50
59 128
52 194
371 101
207 23
252 155
25 136
42 150
146 166
493 185
495 165
332 56
263 108
462 128
345 117
183 166
130 42
175 111
312 67
489 178
174 55
145 164
231 46
399 123
478 131
382 27
218 173
410 107
249 58
195 45
95 115
182 188
78 141
205 150
207 162
58 186
174 17
57 53
226 159
263 191
156 159
454 90
407 193
215 128
55 109
218 111
455 73
223 115
114 153
184 191
247 70
316 168
210 54
451 19
16 9
299 20
183 183
271 65
102 56
283 165
82 78
234 64
374 74
452 11
191 165
261 69
247 69
380 27
111 102
392 87
69 68
155 112
176 92
86 172
29 67
81 77
43 115
497 115
231 124
76 160
104 160
282 122
450 197
28 68
431 1
148 110
450 71
20 133
92 2
286 64
264 190
76 81
216 35
450 184
264 71
43 136
124 33
103 58
437 60
397 60
217 98
431 77
485 166
448 152
472 145
57 57
309 16
425 176
258 77
400 55
147 34
101 197
187 187
106 86
485 79
398 109
436 161
20 167
307 15
96 49
402 118
256 74
203 191
396 93
55 40
363 111
296 107
209 170
203 52
175 110
338 30
387 148
428 117
121 14
478 51
449 110
38 191
189 114
55 39
278 116
53 29
92 145
499 83
199 24
500 39
367 146
490 147
329 92
350 66
249 93
417 64
18 159
127 116
364 146
30 108
367 148
409 200
190 138
304 40
14 12
155 33
465 194
374 166
11 21
258 46
208 154
479 150
428 27
87 175
457 57
236 190
97 184
423 107
422 147
18 47
21 79
177 156
370 137
193 26
391 137
272 130
10 189
423 143
499 171
316 72
222 37
323 77
159 133
311 89
402 80
95 5
295 129
465 29
132 12
203 40
343 44
271 116
374 135
463 157
136 94
141 72
179 32
383 112
275 108
266 160
228 35
42 12
149 23
301 10
297 58
440 94
160 160
426 82
187 102
238 70
447 8
359 39
406 19
183 63
329 117
140 12
46 179
22 12
377 121
413 124
198 7
133 146
379 16
33 45
482 110
107 177
120 39
341 68
369 131
54 136
96 189
195 132
462 128
366 39
13 154
400 149
126 122
176 118
184 44
127 14
316 102
441 41
339 197
152 154
322 186
373 53
49 43
105 24
164 33
361 143
317 154
86 37
15 139
97 142
302 42
159 8
205 196
140 37
181 170
79 154
394 27
491 129
67 65
330 40
448 174
330 193
465 116
96 95
341 152
71 114
128 89
97 185
391 6
467 104
127 166
226 131
254 62
373 69
311 63
339 104
311 56
51 133
179 89
326 56
159 109
211 178
197 64
226 52
39 97
404 188
212 75
91 200
136 4
190 24
490 88
53 164
120 168
148 198
392 191
415 155
404 115
148 53
17 69
397 1
494 172
74 9
242 183
430 128
110 107
269 62
355 177
139 94
371 115
497 77
360 138
274 168
67 116
239 164
444 173
32 87
379 12
351 7
485 66
211 121
353 148
124 197
201 126
463 199
443 122
187 7
458 37
444 170
205 83
261 86
244 45
245 106
95 52
414 35
76 53
476 184
417 53
39 188
185 140
94 171
177 26
33 66
141 155
158 110
223 146
212 59
287 116
467 59
269 10
270 134
22 132
319 17
490 27
385 96
296 113
442 51
126 171
428 32
148 41
78 7
41 23
259 163
395 17
306 163
232 64
223 140
317 67
454 191
71 10
440 90
296 167
346 171
228 188
331 83
124 117
272 137
124 3
284 160
105 13
410 122
348 38
303 95
27 88
478 162
312 125
328 69
398 10
315 88
20 162
332 175
51 61
387 13
292 48
489 110
423 196
354 99
201 20
258 34
363 112
322 7
452 59
130 82
206 118
442 66
436 27
239 40
265 132
78 122
188 70
251 120
292 17
365 37
491 131
60 187
317 138
205 96
140 158
252 152
54 65
283 194
483 172
449 179
373 32
336 42
43 30
55 190
165 200
119 11
244 128
304 63
307 193
206 38
122 67
154 159
360 107
489 13
53 124
410 138
49 125
319 36
177 171
68 99
141 55
248 68
187 55
88 161
270 10
258 101
375 116
153 133
36 193
440 130
306 136
81 125
356 48
465 194
358 200
291 46
396 20
313 39
206 197
449 21
87 16
219 50
252 78
137 47
305 148
189 74
93 151
254 137
19 153
124 122
174 116
49 40
475 62
247 43
480 96
14 23
186 183
175 118
317 55
474 55
110 178
495 14
41 134
41 130
21 91
327 139
105 151
500 55
139 3
47 23
66 105
475 65
357 125
341 174
56 136
240 114
498 199
390 51
238 67
305 89
203 83
73 39
462 133
268 60
292 167
225 120
161 67
23 56
39 53
110 2
108 21
403 47
348 31
352 93
408 12
90 158
482 82
17 192
56 191
428 139
30 135
80 199
375 120
436 94
201 10
326 119
159 25
229 67
429 164
129 144
300 102
469 46
43 140
239 167
165 131
130 44
487 89
60 90
31 75
308 192
101 38
159 136
113 91
129 117
142 120
61 60
336 101
89 90
295 175
62 117
296 138
487 12
461 73
312 90
120 140
92 132
443 134
433 76
398 191
295 176
426 168
95 126
270 146
416 93
112 162
337 133
181 173
58 78
291 126
194 152
55 46
63 7
418 164
343 15
150 20
199 162
361 156
391 57
439 49
151 82
300 17
485 37
71 75
404 69
100 178
482 53
149 96
232 52
399 111
351 195
43 138
488 166
147 99
244 29
299 193
37 123
62 24
217 27
90 65
211 51
449 45
340 125
282 4
422 56
41 128
57 131
197 106
79 50
498 106
265 83
442 52
84 169
189 186
352 172
115 85
425 58
78 40
304 63
136 112
475 119
31 82
125 62
254 4
406 152
334 31
389 164
457 197
49 85
52 161
377 149
306 105
62 184
179 141
85 10
42 166
303 17
379 29
229 145
84 26
469 148
13 165
430 9
183 149
457 3
266 51
451 53
443 59
384 143
329 171
445 85
443 72
77 140
371 142
52 55
467 32
406 135
83 84
85 36
398 86
325 52
193 121
27 34
481 30
488 179
183 44
410 88
145 15
228 31
312 78
190 67
59 92
390 157
373 118
130 180
288 18
46 48
361 34
231 146
429 1
141 149
46 58
128 117
74 44
192 117
352 113
318 117
264 171
397 50
35 185
118 142
128 119
209 3
318 63
112 35
129 28
397 48
315 61
128 62
257 114
78 174
212 108
222 47
436 164
153 40
460 50
220 137
274 68
285 181
287 192
439 40
48 101
92 148
480 99
281 142
153 123
368 120
474 116
58 31
228 78
33 168
473 74
386 120
305 162
452 64
80 183
96 136
387 177
52 21
196 150
161 75
305 60
364 39
266 138
216 26
416 22
103 132
337 127
394 58
168 47
17 80
438 28
232 91
315 147
471 160
394 24
121 81
401 44
115 67
25 44
184 110
283 10
79 190
166 99
439 40
414 40
163 138
424 122
400 11
355 188
42 25
276 132
435 114
40 177
253 114
387 14
368 173
341 3
468 15
467 5
15 19
440 1
419 169
481 195
202 89
411 147
175 60
12 157
336 6
281 49
466 81
241 102
375 138
282 67
447 149
96 22
237 5
453 163
352 97
385 146
329 68
126 53
326 186
237 32
391 67
190 187
283 111
235 74
203 79
388 40
320 95
234 47
301 82
362 174
33 172
105 70
282 77
359 49
499 108
395 188
311 120
47 16
232 11
240 182
343 68
474 8
268 118
401 139
500 183
39 124
59 84
460 142
81 13
400 191
359 26
216 1
363 15
158 32
182 127
373 196
67 70
374 156
228 186
87 190
194 102
63 128
348 111
264 172
402 77
449 57
461 37
101 76
23 190
422 99
343 113
462 158
451 116
406 29
55 114
335 69
21 67
271 147
354 122
366 123
463 69
165 71
268 92
313 97
414 81
96 63
300 145
63 196
481 168
134 177
266 2
290 173
130 90
139 116
442 191
56 7
448 184
283 73
464 113
359 77
344 93
82 129
212 167
423 99
77 11
348 161
456 185
320 31
124 1
204 196
394 100
404 113
207 172
221 49
428 179
200 76
367 36
153 141
440 199
111 46
253 145
404 23
408 40
183 3
453 28
345 128
51 51
128 66
212 7
285 184
182 12
417 178
174 121
156 5
483 70
22 178
189 23
399 164
379 135
382 147
163 33
241 7
442 135
107 68
170 127
165 157
463 147
359 62
274 115
473 195
260 130
64 98
373 157
380 13
454 19
109 139
298 188
23 149
489 16
209 102
10 197
267 145
180 166
253 163
87 198
340 101
206 192
477 188
41 196
297 116
50 108
138 65
161 15
476 86
397 157
321 193
312 91
114 160
290 76
398 79
371 29
157 144
198 191
213 52
75 102
453 150
214 111
43 26
371 91
205 56
295 131
485 40
474 85
57 147
304 177
192 56
276 8
441 56
148 55
37 181
316 143
344 56
191 40
251 146
227 152
139 79
190 103
215 41
167 66
415 110
422 2
24 135
211 28
343 65
452 149
109 63
488 63
195 169
151 74
246 170
163 87
381 9
424 72
219 189
275 26
62 50
73 67
402 131
202 160
430 84
392 155
351 192
207 158
407 126
477 85
497 115
118 185
312 129
143 42
438 124
206 61
151 26
182 22
243 14
301 185
228 175
368 44
278 165
44 122
360 34
318 128
211 168
19 138
192 64
142 149
142 194
360 89
381 144
304 197
139 61
375 88
485 39
268 151
334 141
201 55
298 124
192 16
375 58
216 37
120 154
32 39
413 86
436 49
80 114
222 195
367 184
28 25
141 98
45 133
202 173
354 12
418 38
281 151
164 50
312 45
95 176
491 136
102 190
310 64
147 73
14 144
433 189
281 191
85 89
347 150
500 67
356 45
131 23
206 47
302 172
311 90
430 107
341 131
404 177
425 173
87 72
350 131
236 3
219 9
75 184
52 188
273 98
409 118
265 170
109 149
359 27
336 70
423 107
271 89
160 90
250 161
24 176
191 100
199 145
351 64
118 129
138 110
122 86
195 5
393 26
247 40
266 90
397 34
466 36
459 157
444 100
294 112
408 146
68 147
451 7
437 48
22 67
406 1
144 171
197 42
353 49
69 72
400 134
425 142
160 182
313 47
174 64
205 150
29 143
238 150
272 85
174 38
124 121
471 123
109 55
231 82
437 195
383 165
121 169
141 17
27 77
169 57
406 53
93 120
305 63
116 93
131 177
279 25
478 9
62 71
61 14
390 138
307 105
491 11
371 72
427 88
392 189
282 29
433 128
43 59
205 75
453 60
61 64
102 157
64 148
420 126
151 37
204 23
361 34
447 121
496 24
249 81
34 74
85 156
118 108
365 132
184 95
286 134
86 194
100 36
233 186
404 34
196 17
151 3
16 111
413 12
95 159
41 64
489 7
93 119
169 12
189 71
19 115
412 89
123 114
324 153
356 62
270 123
370 9
451 178
296 74
152 120
437 48
320 62
376 122
146 120
225 96
476 14
158 67
13 158
35 37
403 56
38 28
106 11
313 16
75 2
389 61
22 20
337 161
268 14
287 4
401 109
299 178
176 113
428 17
425 181
75 180
374 16
204 113
238 91
129 114
345 110
349 137
61 127
101 22
205 192
26 92
72 76
158 174
386 53
176 160
30 118
58 76
343 92
141 134
106 199
442 74
38 169
289 50
264 193
30 167
159 62
36 44
236 78
497 135
188 62
300 40
416 166
401 176
263 60
160 40
74 68
291 110
82 85
91 31
318 8
44 113
466 115
217 176
291 64
241 16
295 55
67 57
290 111
168 188
231 135
425 40
48 48
197 45
214 89
230 161
413 28
282 27
455 49
117 178
116 95
421 11
224 111
150 147
371 189
330 101
199 90
39 62
165 5
201 154
445 63
187 136
133 68
345 148
421 5
289 194
353 54
358 139
156 28
228 40
446 91
336 165
303 87
364 138
334 70
402 108
243 72
150 54
334 197
425 35
351 111
180 15
28 76
405 20
321 175
378 117
300 199
426 126
365 62
188 185
459 189
360 16
259 4
233 36
107 124
383 176
213 22
427 14
17 133
83 61
448 27
323 154
170 104
270 13
162 132
151 56
69 137
243 151
305 68
140 35
268 93
165 4
45 30
461 93
480 47
64 160
154 13
445 38
139 93
404 181
245 155
171 124
481 50
339 6
156 198
204 60
211 184
326 199
483 24
247 12
245 55
204 114
17 105
167 151
495 87
230 38
427 194
168 163
227 129
357 101
307 177
334 133
478 119
410 70
234 1
344 70
463 122
119 141
423 137
365 148
421 38
219 123
187 51
317 51
32 18
375 102
363 39
142 55
420 58
261 191
432 119
332 7
429 25
450 97
163 38
393 85
382 150
500 50
325 198
347 146
271 14
259 153
363 112
343 104
436 187
406 84
156 157
242 43
355 18
145 122
300 89
229 150
34 136
299 146
72 168
323 156
92 97
335 162
320 154
248 35
47 27
176 152
386 132
56 72
285 98
68 28
368 70
439 114
142 126
298 96
255 16
56 32
332 140
409 90
60 6
400 99
393 29
256 23
300 46
106 156
52 65
96 8
95 66
401 72
313 96
253 159
210 134
382 74
54 140
410 123
88 12
362 104
324 172
135 2
298 165
304 139
210 7
206 110
391 122
354 106
379 194
265 72
445 114
298 173
349 37
32 117
293 197
356 44
380 10
310 19
67 199
338 35
310 29
499 191
35 22
417 9
122 188
397 66
180 65
374 12
300 131
135 105
10 171
316 155
21 126
188 100
456 79
318 63
470 72
285 182
128 1
455 128
463 79
215 61
367 80
196 133
115 190
307 133
171 144
12 60
46 53
433 34
27 55
372 184
284 84
439 160
419 14
228 180
120 15
384 152
175 189
276 104
495 165
478 147
443 166
113 27
320 78
22 47
426 169
173 171
34 96
454 90
344 35
355 75
261 68
368 71
198 122
196 24
299 161
16 28
410 125
155 55
337 21
376 149
76 129
486 76
177 88
324 55
157 54
225 166
71 69
467 194
385 152
219 111
404 79
315 134
476 133
42 19
59 26
467 16
22 93
359 110
429 158
231 79
433 41
63 103
210 55
361 35
203 63
213 15
328 86
343 62
279 163
179 176
443 94
458 127
423 59
313 77
95 30
276 190
189 175
494 56
188 187
288 68
103 4
158 133
225 22
429 164
132 138
230 62
49 24
254 175
432 151
281 177
466 139
61 49
433 113
421 139
415 108
247 195
147 137
230 118
139 13
393 42
16 150
275 27
17 59
285 45
230 84
324 37
115 46
234 173
30 106
74 192
490 68
488 92
196 168
201 94
136 87
315 90
364 20
93 51
14 38
72 57
127 178
186 154
258 90
403 171
450 84
309 166
355 66
335 149
177 127
130 128
327 142
264 168
85 80
196 109
377 130
412 12
393 147
18 16
471 194
270 42
370 194
175 22
133 113
369 59
188 175
427 65
130 120
55 99
42 136
294 78
159 105
174 28
181 71
90 3
237 43
127 149
445 176
349 48
99 197
157 156
165 110
282 32
245 51
80 12
297 192
192 164
160 50
230 135
385 138
413 157
45 15
141 123
480 148
125 108
395 136
217 152
111 112
289 27
101 142
454 50
31 190
200 143
153 74
235 141
391 173
257 38
297 82
130 89
292 137
251 16
365 126
269 185
440 128
189 185
88 97
401 145
452 91
222 178
121 13
101 54
436 27
10 118
323 74
232 73
309 167
347 25
178 190
454 77
465 4
347 164
187 128
61 8
333 184
374 87
60 14
231 15
58 79
37 27
413 65
366 52
283 125
379 200
219 56
260 146
78 162
500 74
451 32
236 177
95 124
492 50
29 185
241 83
237 7
139 106
97 195
447 73
273 119
390 79
184 66
144 41
405 2
238 123
244 167
466 46
451 45
302 117
269 9
105 53
128 181
99 53
172 170
303 83
469 55
47 93
321 158
484 75
32 130
401 123
412 148
147 112
490 39
285 143
166 128
261 193
222 94
463 23
84 106
178 79
31 24
98 30
174 173
51 64
69 48
276 141
198 34
479 181
292 167
131 5
417 35
199 133
138 41
415 31
95 101
40 123
141 4
282 77
96 37
446 94
23 110
370 188
318 166
257 17
350 123
206 87
459 65
112 101
231 142
108 154
24 24
406 84
107 88
69 102
381 97
182 131
477 199
308 158
59 77
91 9
62 114
273 154
468 131
455 119
84 30
12 46
335 141
139 84
248 42
307 36
351 151
407 75
324 12
69 89
492 15
424 173
236 54
150 19
448 199
421 65
328 133
306 181
372 88
150 56
223 196
64 34
487 171
311 55
493 44
217 158
84 174
449 42
477 43
103 99
415 198
419 34
474 22
415 55
337 73
313 47
56 129
414 126
193 169
398 46
135 187
207 111
255 173
346 166
51 172
298 187
45 126
320 1
327 98
218 27
179 155
487 116
413 197
112 131
69 183
156 93
76 103
195 179
141 111
137 129
182 192
112 75
241 140
152 88
118 32
492 173
210 146
120 164
68 20
406 143
452 155
276 65
159 135
436 118
373 75
455 116
178 101
269 148
260 191
75 175
328 190
340 70
108 145
74 17
286 77
191 136
199 125
424 182
112 164
403 121
381 92
313 18
61 141
397 179
452 51
159 42
407 138
450 22
354 183
227 57
448 152
98 193
429 92
407 33
343 70
444 107
396 64
174 10
442 190
352 124
451 91
380 154
298 83
205 180
125 45
461 119
473 167
336 93
146 29
52 192
263 155
219 3
260 68
94 18
65 181
433 39
475 121
457 40
444 188
399 9
45 164
135 106
269 74
282 41
450 102
67 87
175 83
185 165
387 124
428 154
484 9
165 76
388 183
33 80
120 111
140 1
290 130
436 19
122 197
298 50
209 158
358 106
173 9
327 118
414 113
193 123
487 44
231 124
78 75
478 78
400 54
136 43
124 159
46 122
224 134
269 194
315 19
61 197
289 20
473 18
403 178
99 56
398 87
397 140
471 92
441 42
234 64
84 10
226 163
90 140
66 169
31 30
283 155
253 93
165 6
444 185
351 61
432 120
470 4
181 115
306 51
275 95
133 105
468 106
363 131
250 43
78 59
422 17
465 2
52 139
105 58
148 35
68 106
164 47
280 28
218 88
326 125
182 61
496 63
442 109
430 191
130 198
433 28
136 39
20 178
412 176
90 99
171 114
31 187
490 190
202 52
432 52
31 106
161 93
390 157
27 121
404 23
377 161
305 91
322 111
70 94
298 188
388 190
421 104
297 4
400 35
20 106
81 65
194 193
493 145
197 29
227 47
409 87
130 72
434 186
156 46
270 152
424 22
134 25
175 15
492 157
29 37
253 172
479 79
214 58
75 150
45 148
499 46
436 153
479 154
161 195
348 74
136 169
14 169
143 128
391 16
279 155
34 188
162 57
56 45
19 184
315 40
17 96
387 30
372 159
375 172
170 97
435 167
248 186
341 97
447 45
234 56
379 112
405 44
500 76
198 117
234 72
10 43
172 79
382 84
134 170
37 31
438 130
274 17
184 106
334 121
95 144
222 84
180 164
14 49
23 47
301 20
215 123
353 161
463 193
53 119
268 51
245 134
383 33
437 103
354 21
247 85
192 106
429 39
500 13
239 188
322 98
474 137
178 105
376 74
120 7
361 26
151 122
152 198
365 165
207 44
379 31
48 32
85 103
308 32
257 94
19 121
251 57
22 112
90 170
95 57
253 69
286 38
481 93
185 45
182 131
435 109
386 86
97 181
72 156
216 133
391 91
456 147
390 155
313 37
323 164
206 51
486 140
345 154
115 110
46 152
122 54
456 21
466 29
181 119
481 75
427 125
450 129
487 85
249 61
409 86
225 14
41 168
114 7
341 89
148 26
150 166
475 131
322 38
335 141
116 57
84 79
363 194
231 131
330 80
18 78
488 163
424 80
282 127
232 18
155 145
107 142
385 187
325 127
264 12
388 66
194 193
302 149
29 96
475 42
57 2
410 105
304 36
218 197
50 18
97 112
321 197
124 88
244 197
165 138
93 29
367 24
406 90
134 62
275 146
124 129
159 13
455 49
96 118
451 142
412 93
370 98
288 192
75 154
483 128
227 193
434 142
172 141
223 185
216 2
317 15
249 161
197 194
95 158
262 79
26 51
325 193
165 6
42 65
242 69
341 164
435 31
275 70
336 172
291 126
150 84
441 95
440 89
207 180
346 199
338 124
175 191
50 137
458 107
395 186
60 115
289 19
360 69
474 57
379 141
83 176
99 125
103 129
382 10
262 80
359 33
374 79
228 24
108 126
46 78
39 145
313 68
304 137
125 171
124 28
144 173
445 64
424 77
315 145
382 136
71 89
240 199
56 1
322 131
482 75
55 54
74 193
337 138
462 82
139 198
142 123
407 59
486 62
331 17
258 107
476 81
292 120
208 27
424 69
404 65
266 49
190 87
119 129
69 81
193 103
146 192
289 121
92 123
96 129
418 98
461 7
499 67
241 96
85 36
286 43
19 1
491 75
442 199
114 68
280 197
194 174
85 86
51 150
200 171
87 133
441 170
385 33
310 184
490 34
169 138
362 62
396 58
20 46
161 76
80 17
255 111
17 183
85 74
487 37
93 129
28 88
234 6
363 116
432 4
182 23
313 187
42 102
285 59
327 175
27 145
232 81
192 37
11 137
269 144
189 79
323 199
147 69
254 40
13 129
62 128
377 37
435 189
282 133
344 65
385 2
89 68
494 180
99 86
208 101
199 142
486 40
183 131
141 151
202 76
151 64
308 139
326 17
291 113
121 48
395 113
117 123
156 72
424 25
216 15
305 127
330 166
438 5
311 59
265 176
152 114
28 159
18 62
399 29
297 105
208 78
279 105
260 95
231 83
274 189
486 79
242 100
319 78
169 132
16 160
440 11
226 140
478 82
26 43
410 55
143 166
489 49
366 79
84 102
397 164
20 59
83 199
130 17
283 46
313 103
130 162
148 34
220 41
182 54
81 62
415 141
69 174
353 135
144 128
80 27
76 114
318 17
32 147
108 78
499 107
64 55
457 175
265 182
439 105
104 180
264 153
418 172
449 26
197 16
411 134
403 21
21 76
446 168
437 37
251 122
377 181
69 23
429 44
376 79
382 53
106 31
450 189
119 22
132 195
197 190
416 35
297 166
90 173
53 14
370 129
183 134
141 130
211 80
109 189
391 158
232 166
193 23
46 101
146 37
380 68
268 190
364 52
164 105
392 75
394 176
228 108
72 108
474 38
243 58
464 36
321 11
263 90
451 87
340 102
175 168
421 103
393 26
420 92
346 72
242 9
369 170
113 134
368 177
192 90
155 145
341 51
170 131
67 180
246 176
466 61
339 46
328 36
96 76
232 53
170 89
246 6
121 196
40 35
410 9
254 42
372 36
60 180
93 73
496 75
152 97
371 40
271 141
90 56
323 151
212 116
232 86
161 32
25 12
278 104
410 116
28 39
407 67
33 2
289 65
483 89
390 14
37 196
451 150
403 60
475 65
132 187
397 63
79 19
286 190
193 25
232 21
416 109
33 81
418 165
195 77
50 95
438 78
423 169
306 21
412 33
138 101
464 172
409 18
379 186
51 40
319 200
64 130
395 90
144 166
490 163
294 84
76 197
379 103
282 169
315 180
299 199
139 77
224 147
305 144
324 14
381 80
170 182
159 97
350 158
424 136
419 64
383 2
419 81
255 168
228 68
249 90
342 11
33 160
435 79
78 14
430 16
317 5
414 38
78 100
65 123
184 164
235 147
320 176
39 38
90 96
15 61
368 33
497 117
155 85
367 7
402 37
78 191
138 174
51 99
102 154
278 148
408 22
38 4
152 142
497 122
500 200
362 134
363 55
139 40
357 27
27 91
488 174
420 186
444 161
500 54
290 191
97 82
419 171
404 190
483 183
372 104
89 23
326 158
480 129
299 124
487 31
14 77
343 130
101 36
347 126
477 108
147 143
397 79
195 57
429 18
160 76
386 188
461 57
133 128
32 113
166 172
144 140
495 83
156 84
30 132
368 169
333 134
331 54
482 151
382 155
463 27
366 33
119 80
116 166
382 104
109 191
351 184
122 197
171 109
471 134
22 65
303 80
376 97
202 147
167 78
327 20
79 129
121 157
106 117
354 120
309 16
88 167
153 142
40 159
180 44
349 77
493 52
431 152
179 76
301 62
84 32
85 11
350 159
364 166
500 17
360 151
35 175
277 11
276 189
88 189
245 47
257 158
435 18
219 75
288 77
472 168
377 180
223 195
418 154
381 180
317 103
101 41
293 164
440 16
442 91
360 81
256 121
312 141
483 143
474 37
168 200
220 143
408 82
178 107
120 143
197 121
418 78
70 56
278 27
258 74
209 38
423 168
398 25
330 196
298 85
310 66
169 109
215 184
130 66
297 53
189 69
387 77
58 85
93 48
304 38
367 154
113 40
21 38
488 157
172 176
223 114
462 39
131 19
122 133
385 124
127 74
266 101
324 63
301 89
29 138
440 5
81 41
237 184
243 61
149 116
240 150
220 85
323 38
68 185
264 11
407 187
490 89
201 184
486 125
86 169
13 128
30 34
492 124
379 50
322 102
486 153
413 34
439 98
103 40
298 6
105 142
125 188
475 187
257 177
246 84
123 85
194 176
271 184
199 45
310 135
432 54
358 4
353 46
88 82
239 141
299 165
418 156
236 76
318 175
263 41
429 21
358 76
163 171
264 11
179 17
43 15
202 99
367 77
78 82
326 16
431 148
16 180
87 164
430 11
142 97
401 151
92 78
101 41
91 80
336 168
470 119
329 178
403 80
279 47
463 47
499 88
199 186
309 30
167 196
335 43
207 118
265 173
126 143
304 150
220 59
498 72
282 113
336 23
438 115
53 10
379 23
205 77
436 64
475 158
99 79
289 116
361 94
452 178
164 11
436 85
450 167
89 126
33 42
183 79
340 22
203 64
165 199
224 11
475 191
222 96
346 29
137 186
14 86
451 45
103 53
251 191
37 126
64 180
280 70
194 86
171 116
486 184
133 121
225 32
100 188
322 47
51 153
274 99
465 83
118 195
327 12
305 15
77 152
337 63
17 97
75 168
297 86
343 34
283 198
181 66
253 95
434 146
80 108
396 175
115 121
227 8
102 71
346 180
361 54
448 129
190 12
472 97
467 163
325 162
346 36
265 191
197 27
344 7
152 3
442 13
240 136
449 80
409 42
394 13
207 123
346 103
135 85
500 93
57 117
88 116
145 156
93 119
462 1
343 25
263 163
368 71
57 6
485 24
89 94
473 133
249 11
292 129
89 159
125 154
178 200
289 71
422 107
59 41
148 102
154 108
191 111
485 136
41 7
174 13
40 160
16 23
117 78
277 127
457 132
400 171
42 165
294 29
242 101
497 31
126 146
214 183
443 200
23 49
238 93
452 146
293 100
494 109
345 83
237 163
84 153
286 90
75 143
85 48
49 8
318 76
401 176
406 116
38 72
355 182
242 195
298 9
133 74
208 195
109 165
383 185
457 25
144 179
247 94
66 191
142 52
56 140
274 40
372 136
152 155
55 44
124 26
485 168
437 171
145 129
328 196
282 106
280 40
349 101
107 15
259 198
432 56
327 32
134 15
69 51
332 83
248 50
195 113
482 66
267 23
107 24
118 96
180 89
356 117
39 96
110 155
351 102
500 159
190 155
72 100
358 72
407 136
373 167
89 180
453 81
330 117
170 58
368 40
422 57
45 58
122 91
103 192
478 152
466 29
275 92
20 24
81 117
432 169
363 38
150 53
53 88
355 164
235 25
306 175
234 171
45 60
482 125
142 74
266 143
71 102
341 159
142 124
399 67
77 33
418 50
229 44
423 165
364 154
264 67
360 20
41 91
392 3
431 185
148 24
139 16
241 40
392 61
404 93
227 142
64 113
351 142
159 108
155 34
387 15
491 165
123 7
99 153
473 172
36 30
449 12
313 47
320 2
96 8
379 157
225 95
20 173
168 162
457 46
306 126
274 181
285 27
140 93
33 11
412 148
402 96
304 166
369 130
345 19
372 86
203 95
104 126
411 83
468 5
82 161
490 43
492 34
445 32
130 126
187 190
335 174
53 140
287 19
218 140
26 183
91 160
236 33
442 27
115 166
341 152
149 173
188 54
168 88
222 9
180 185
62 90
146 183
187 170
253 193
333 11
323 165
263 98
255 31
228 149
228 117
172 116
25 30
164 80
271 161
236 73
262 23
327 56
293 11
401 191
443 195
283 152
362 136
390 103
146 95
491 35
347 186
216 183
203 35
118 200
358 107
112 115
349 109
354 24
85 99
89 176
276 179
457 92
376 147
363 45
229 160
452 154
376 15
129 97
20 140
132 76
124 2
445 49
111 149
330 166
429 70
436 176
232 141
29 119
500 141
338 26
52 141
236 116
152 120
340 135
369 117
478 14
66 61
443 189
437 138
342 198
294 188
67 177
433 164
211 59
187 57
91 75
15 24
431 154
409 183
442 185
392 167
379 131
468 158
360 99
14 192
386 65
456 28
203 103
82 58
364 86
353 61
223 100
47 5
35 37
350 145
155 85
354 126
48 60
494 121
85 113
295 21
485 177
364 105
126 71
98 101
409 167
114 132
221 192
386 128
368 78
283 129
365 175
228 117
180 184
13 124
148 197
381 35
413 12
487 127
290 27
30 42
452 38
16 195
19 29
131 157
114 170
217 126
15 155
460 49
228 143
12 171
280 125
280 166
343 193
51 90
486 117
341 78
250 119
399 87
438 197
136 188
191 158
464 3
212 183
226 137
328 25
345 21
155 1
298 187
462 151
193 26
476 200
47 190
174 158
52 80
175 184
339 53
108 198
496 58
178 101
67 96
418 200
371 46
428 186
71 173
378 185
344 65
35 24
62 32
469 196
216 11
17 148
157 148
242 32
497 99
242 17
289 193
299 181
158 127
361 6
166 51
330 134
237 137
50 55
122 69
176 20
378 53
258 24
295 103
73 46
359 116
293 24
138 31
401 101
368 142
24 181
112 43
192 81
256 11
75 59
65 192
428 157
125 180
452 159
108 35
134 35
368 76
191 180
420 87
216 49
234 191
310 193
269 102
138 77
257 198
347 101
86 168
485 144
280 182
295 190
399 38
301 11
422 10
96 92
336 41
342 27
16 52
238 82
105 65
288 173
190 191
23 102
224 9
403 145
135 71
28 129
156 132
430 120
80 162
384 61
84 61
433 198
380 150
98 66
427 193
356 189
314 151
89 193
166 153
167 121
82 120
98 72
427 47
183 40
414 80
261 183
78 187
283 168
280 32
341 123
59 22
73 88
365 107
65 35
32 139
425 43
396 42
410 45
20 115
35 174
95 156
399 83
18 34
470 127
46 184
405 190
118 48
485 75
158 191
159 79
320 92
481 190
318 35
107 174
276 73
74 61
215 18
474 126
313 15
255 111
191 72
450 109
245 150
71 97
454 177
248 114
213 137
294 75
104 199
493 126
201 161
384 27
410 103
72 97
456 1
119 112
314 18
35 103
56 82
451 161
29 78
115 24
371 146
459 124
18 96
23 37
108 52
457 54
141 180
448 181
153 134
94 40
411 15
277 9
393 16
133 95
318 12
149 121
234 94
382 95
470 121
341 86
110 145
223 42
121 166
82 133
265 165
31 76
491 136
436 68
45 74
348 105
262 56
398 145
251 87
284 191
378 190
216 191
467 41
298 181
109 56
295 62
84 19
333 179
336 22
157 22
456 84
318 47
183 71
142 48
400 164
130 191
252 193
247 34
324 100
52 136
216 123
313 1
360 96
250 40
462 101
28 81
463 50
242 25
172 78
279 89
422 169
440 124
429 149
79 76
88 26
225 157
100 118
109 95
448 179
288 158
207 166
242 153
482 117
177 13
472 33
166 98
217 88
117 152
465 66
141 23
404 165
380 179
274 37
56 45
230 16
142 122
443 145
203 124
390 120
447 33
68 85
480 93
182 43
369 178
33 50
238 83
372 123
38 1
427 83
372 167
496 123
143 8
439 77
405 121
330 90
149 24
354 198
329 143
444 132
298 65
493 94
128 181
173 189
463 170
218 140
496 96
397 65
46 49
366 127
126 2
318 121
10 111
160 78
15 134
217 182
458 38
285 175
233 156
91 111
487 16
110 94
411 57
260 113
232 151
89 17
345 9
271 44
14 63
395 198
141 45
380 128
203 90
197 135
429 200
312 19
210 183
498 192
67 81
335 92
16 137
336 169
403 6
277 52
335 91
14 139
396 108
339 93
196 61
460 36
268 170
417 134
384 83
40 180
474 116
122 139
188 53
196 68
465 54
23 8
232 133
295 94
389 129
304 23
60 43
431 3
420 200
184 24
204 197
198 12
95 186
270 178
56 187
296 10
442 8
259 74
124 19
113 78
76 143
304 131
408 175
185 10
229 52
228 188
246 160
201 106
480 106
293 109
496 110
18 116
323 139
307 105
129 106
244 15
13 72
223 113
101 95
386 21
15 136
494 73
315 148
394 120
438 134
19 134
456 35
98 16
374 83
58 140
208 149
120 1
304 99
193 69
334 164
252 77
353 17
132 50
451 92
330 113
256 177
167 32
214 174
143 52
45 53
103 22
494 177
186 152
114 38
332 136
302 152
340 100
185 79
207 60
265 197
468 57
70 49
192 170
279 173
220 64
334 124
38 127
392 190
468 34
442 46
174 26
204 17
317 12
425 7
190 111
239 137
133 147
223 29
74 129
331 50
290 46
212 75
250 172
409 80
418 123
135 20
270 59
471 75
169 63
334 121
368 55
313 33
53 36
446 25
479 27
380 66
456 120
144 136
456 129
469 35
261 154
172 176
290 200
495 35
262 4
53 151
394 156
249 35
462 63
58 84
413 46
183 184
224 180
107 146
438 155
81 131
328 124
188 84
345 172
272 6
103 128
269 19
266 93
108 5
88 134
296 13
366 8
169 190
267 196
368 4
143 28
311 177
475 3
141 170
295 173
111 98
145 87
25 117
354 93
133 71
205 75
37 72
417 131
483 3
289 87
483 128
252 191
11 194
104 189
365 193
350 151
272 24
100 86
66 38
259 132
19 133
113 181
126 53
257 112
150 112
14 60
129 136
345 183
450 19
139 133
311 24
384 86
381 9
419 127
379 24
187 143
337 41
264 72
402 44
389 99
261 158
499 80
296 145
191 28
125 138
349 198
84 31
63 127
199 140
205 162
373 94
438 9
335 113
449 31
412 180
242 31
48 97
500 189
238 183
228 105
385 121
289 21
346 117
444 32
93 164
366 174
145 75
12 113
495 177
146 111
330 1
315 88
141 19
179 105
132 7
96 59
396 194
65 35
182 184
18 39
379 62
62 63
252 142
181 164
407 121
275 139
53 85
414 114
358 56
299 181
434 49
118 186
165 117
22 113
146 68
130 73
241 115
334 181
259 3
41 152
427 69
70 73
326 98
428 196
160 75
30 98
294 33
260 196
481 53
234 187
336 62
484 150
465 14
329 13
68 142
173 120
29 99
118 21
242 69
285 25
159 104
110 13
418 129
489 146
448 77
37 70
105 12
393 58
71 23
108 91
133 46
28 73
106 6
345 49
115 157
256 116
286 110
368 147
241 105
74 199
477 164
133 170
89 87
205 74
59 159
287 7
237 57
468 113
405 86
325 31
122 155
40 192
219 144
42 115
95 140
200 89
261 28
326 197
284 183
286 167
99 189
380 71
110 85
180 172
33 96
226 65
136 50
415 149
175 139
499 21
36 51
380 80
145 114
65 53
184 15
420 19
373 114
275 157
328 111
401 10
220 157
216 147
34 126
415 191
498 96
461 171
185 41
326 105
337 87
383 146
304 130
71 120
398 61
57 50
442 120
450 108
282 81
220 108
448 139
309 193
147 142
192 142
394 46
119 68
308 103
215 101
11 147
121 19
156 37
425 41
48 71
74 151
196 47
433 114
295 115
249 169
340 87
213 122
84 163
250 155
419 174
403 10
254 138
193 64
219 94
26 117
84 95
499 58
317 162
228 16
181 200
43 60
233 64
235 193
453 190
102 110
25 169
305 189
269 46
141 4
195 181
451 115
300 41
184 112
51 143
251 94
189 33
204 177
472 155
306 80
338 176
238 3
64 159
251 4
423 31
150 73
369 164
285 3
413 191
405 52
421 79
288 172
397 80
408 144
147 57
404 146
143 17
498 52
283 164
250 50
175 36
291 78
281 180
37 106
255 79
87 172
418 175
171 158
70 27
62 46
155 42
134 163
113 66
105 139
283 196
36 28
288 76
361 83
400 157
302 10
272 35
365 37
464 74
316 48
235 75
311 129
213 143
267 127
412 181
111 127
406 26
110 111
312 168
218 39
366 47
285 107
275 82
153 73
182 56
387 173
194 194
169 171
31 13
211 64
272 73
297 101
325 103
353 53
393 26
403 139
255 132
461 100
498 112
440 68
471 196
47 81
336 150
265 83
359 75
357 46
249 123
102 76
264 168
55 70
68 139
169 96
310 47
289 9
275 155
213 126
131 4
425 188
35 87
227 110
247 73
405 11
27 196
467 149
268 46
255 28
282 159
401 167
491 131
119 10
438 69
292 144
422 3
16 27
222 118
453 150
62 66
231 121
435 67
65 38
355 110
427 73
227 73
237 180
304 41
134 31
443 39
199 25
390 138
335 156
278 111
318 62
192 154
146 49
300 195
260 103
176 175
299 110
110 128
339 25
302 88
442 13
440 98
259 157
27 46
290 91
292 188
417 168
74 123
52 101
50 164
401 2
341 110
106 146
443 53
107 111
398 19
372 103
48 183
487 33
492 56
210 129
383 194
127 111
118 139
90 94
389 199
87 97
371 99
333 127
285 125
218 147
326 157
269 37
197 176
293 134
292 15
330 178
500 181
473 56
208 30
127 99
487 52
491 3
326 27
483 25
288 37
430 183
472 123
395 140
41 71
34 129
83 132
345 40
335 40
86 171
59 124
361 53
256 135
207 170
436 59
299 11
459 8
464 63
438 46
188 79
39 132
245 151
383 163
477 13
461 199
441 35
222 52
74 19
308 164
460 125
295 191
243 116
50 102
165 91
346 76
38 186
212 116
279 25
415 157
160 160
365 114
20 115
378 48
417 172
394 15
492 28
130 89
77 127
435 118
210 11
193 33
470 45
111 167
96 6
276 180
401 86
333 178
253 150
269 118
389 196
11 36
483 32
315 179
430 107
205 84
86 68
209 90
183 199
49 74
436 120
48 45
326 34
478 92
166 90
226 187
384 86
30 109
33 138
116 27
274 134
75 97
239 139
157 173
425 123
200 173
138 138
349 95
323 147
165 159
203 18
142 128
119 48
313 94
177 128
96 151
126 4
253 110
53 42
74 77
496 145
102 91
168 168
71 130
166 154
313 30
367 46
284 125
473 150
245 33
226 75
482 62
248 169
138 181
324 154
105 62
239 74
414 43
136 29
126 59
316 36
181 54
360 118
453 37
278 68
107 119
278 168
437 82
44 90
333 94
275 86
425 48
490 108
408 75
83 73
340 124
267 146
128 183
450 16
113 77
334 93
180 114
386 81
148 161
316 34
102 127
291 89
61 79
241 101
379 131
84 16
286 16
236 96
26 109
234 29
151 121
188 71
298 97
352 116
31 196
200 198
58 108
250 16
31 36
334 169
258 46
371 152
218 37
17 51
387 101
217 13
252 12
452 14
248 166
288 25
315 141
190 64
282 40
384 92
269 85
353 36
453 21
389 41
386 123
287 166
326 197
211 141
332 6
211 181
383 51
101 93
393 103
389 133
207 11
23 135
500 117
46 38
340 129
219 90
39 26
417 60
419 37
241 23
290 93
309 124
48 53
302 96
246 144
458 19
451 161
183 102
135 163
324 67
28 97
173 124
74 110
182 156
114 200
481 80
36 20
443 189
356 165
108 151
349 30
62 125
285 24
156 188
123 183
259 73
427 140
435 85
218 36
194 32
326 77
216 71
210 200
86 4
19 84
201 126
369 138
370 184
439 49
183 86
387 105
492 102
275 89
287 197
374 172
326 171
304 146
264 172
184 112
20 3
107 107
463 30
73 165
459 22
202 164
430 186
106 82
159 46
332 64
357 133
363 172
467 143
336 187
479 6
486 61
249 105
224 9
474 23
422 120
352 128
155 145
211 61
499 159
97 79
469 195
98 174
488 192
318 90
237 165
427 8
49 154
198 58
125 169
428 66
452 131
248 37
85 185
309 77
152 176
111 176
425 49
53 110
35 116
349 170
130 83
403 154
101 139
487 124
475 131
449 132
334 110
494 131
29 40
36 116
423 118
404 186
274 156
109 164
174 166
462 73
324 181
426 63
290 70
17 20
196 154
319 167
394 51
42 189
150 121
303 12
105 95
89 70
160 195
114 18
230 115
249 195
403 165
50 140
301 188
289 151
493 81
422 175
57 160
88 17
439 66
97 88
357 123
116 158
281 67
144 14
427 16
304 1
188 49
152 76
41 4
187 26
245 107
147 193
355 172
348 60
344 178
430 9
475 71
433 187
356 121
290 107
334 164
230 28
32 115
304 143
15 116
315 74
293 89
453 190
454 43
445 14
477 5
79 50
102 69
399 16
252 120
150 82
266 53
413 136
33 88
292 145
412 159
359 62
202 76
358 114
189 13
486 142
208 51
37 180
263 83
341 170
92 23
97 101
473 130
485 175
381 6
134 78
74 161
249 95
363 175
322 103
361 187
447 110
500 164
451 63
100 156
238 179
496 88
393 68
243 75
26 98
174 119
95 194
449 168
475 196
257 191
474 19
135 41
335 114
133 41
439 31
237 111
96 24
353 126
175 144
253 166
174 134
463 50
117 154
142 112
227 181
398 128
12 45
15 175
361 182
44 166
487 189
498 179
190 68
430 9
38 65
195 189
494 195
261 145
241 153
68 142
272 118
235 97
290 74
167 154
149 46
13 91
170 99
231 40
116 131
29 108
488 91
434 100
236 119
396 107
335 162
396 46
284 53
125 100
148 60
274 157
370 49
171 188
170 106
374 135
403 173
253 118
26 21
457 127
292 177
296 147
466 91
380 172
335 43
50 36
217 136
21 188
22 97
388 162
87 11
188 180
471 62
280 183
19 110
225 142
218 73
435 103
29 109
357 25
130 141
246 24
51 182
472 189
303 137
147 167
445 104
80 154
377 92
356 182
121 138
174 64
309 77
218 67
63 104
246 187
300 185
498 66
220 103
373 122
239 46
246 158
158 166
492 124
141 84
94 166
388 172
493 131
26 63
119 114
173 67
286 15
202 48
489 46
15 90
148 37
495 62
266 130
31 114
393 139
343 167
385 179
291 140
392 22
193 87
368 190
264 9
124 63
461 174
422 161
33 175
249 119
432 29
234 168
98 185
266 150
483 72
31 21
272 53
73 189
163 41
457 175
106 28
265 100
457 14
76 192
27 133
393 94
57 49
229 157
209 196
495 76
387 18
228 60
443 96
452 185
404 1
176 176
68 171
167 169
223 190
312 56
132 115
228 173
372 176
161 97
74 180
209 72
217 119
296 12
55 34
397 155
209 33
254 200
159 144
259 190
162 26
68 179
323 150
294 140
77 23
207 125
269 190
62 62
217 9
290 58
164 2
